0 0.818359375 0.00390625 0.025390625 0.009765625
0 0.6162109375 0.0283203125 0.025390625 0.046875
0 0.63916015625 0.05419921875 0.0166015625 0.0888671875
0 0.73486328125 0.04833984375 0.0361328125 0.0615234375
0 0.77587890625 0.0615234375 0.0244140625 0.080078125
0 0.18017578125 0.087890625 0.0478515625 0.119140625
0 0.7548828125 0.07763671875 0.025390625 0.0888671875
0 0.54150390625 0.0830078125 0.0927734375 0.09765625
0 0.8037109375 0.05615234375 0.017578125 0.0419921875
0 0.9462890625 0.1015625 0.03515625 0.126953125
0 0.8544921875 0.16455078125 0.169921875 0.2451171875
0 0.57568359375 0.07861328125 0.0439453125 0.0673828125
0 0.3271484375 0.11328125 0.021484375 0.1171875
0 0.416015625 0.109375 0.08203125 0.091796875
0 0.79345703125 0.09814453125 0.0087890625 0.0400390625
0 0.69189453125 0.1572265625 0.0185546875 0.12890625
0 0.1064453125 0.1728515625 0.0234375 0.14453125
0 0.841796875 0.1337890625 0.013671875 0.0390625
0 0.1357421875 0.181640625 0.060546875 0.12109375
0 0.50244140625 0.18603515625 0.0654296875 0.1181640625
0 0.9619140625 0.22265625 0.07421875 0.173828125
0 0.22998046875 0.19775390625 0.0537109375 0.1181640625
0 0.41259765625 0.1962890625 0.0830078125 0.11328125
0 0.810546875 0.18798828125 0.04296875 0.0947265625
0 0.01708984375 0.20703125 0.0361328125 0.12109375
0 0.75048828125 0.2001953125 0.0361328125 0.095703125
0 0.84619140625 0.1767578125 0.0146484375 0.04296875
0 0.39111328125 0.22265625 0.0595703125 0.12890625
0 0.1630859375 0.22900390625 0.0390625 0.1318359375
0 0.80078125 0.28271484375 0.05859375 0.2080078125
0 0.45751953125 0.22119140625 0.0712890625 0.0751953125
0 0.57421875 0.29833984375 0.05859375 0.1142578125
0 0.65869140625 0.31591796875 0.0185546875 0.1435546875
0 0.72607421875 0.31494140625 0.0693359375 0.1298828125
0 0.33740234375 0.31103515625 0.0361328125 0.1181640625
0 0.0869140625 0.3193359375 0.025390625 0.125
0 0.5146484375 0.314453125 0.064453125 0.11328125
0 0.896484375 0.36328125 0.109375 0.1796875
0 0.98779296875 0.36181640625 0.0224609375 0.1455078125
0 0.51171875 0.35595703125 0.05859375 0.1044921875
0 0.8994140625 0.359375 0.052734375 0.076171875
0 0.95068359375 0.37744140625 0.0439453125 0.0732421875
0 0.25048828125 0.40673828125 0.0556640625 0.1201171875
0 0.1005859375 0.4169921875 0.0703125 0.126953125
0 0.43212890625 0.42431640625 0.0751953125 0.1337890625
0 0.6376953125 0.39453125 0.068359375 0.068359375
0 0.828125 0.40576171875 0.015625 0.0888671875
0 0.7294921875 0.41796875 0.029296875 0.103515625
0 0.71875 0.43701171875 0.03515625 0.1259765625
0 0.33447265625 0.4375 0.0888671875 0.12109375
0 0.86474609375 0.42529296875 0.0244140625 0.0888671875
0 0.02294921875 0.43701171875 0.0478515625 0.1083984375
0 0.15966796875 0.4443359375 0.0458984375 0.1015625
0 0.955078125 0.439453125 0.087890625 0.08984375
0 0.48046875 0.45556640625 0.05859375 0.1005859375
0 0.88232421875 0.443359375 0.0361328125 0.0546875
0 0.759765625 0.43212890625 0.087890625 0.0810546875
0 0.5595703125 0.4453125 0.044921875 0.04296875
0 0.4658203125 0.45068359375 0.01953125 0.0263671875
0 0.89990234375 0.49853515625 0.0205078125 0.0537109375
0 0.98095703125 0.50439453125 0.0302734375 0.0537109375
0 0.1328125 0.55126953125 0.1015625 0.1318359375
0 0.86279296875 0.5673828125 0.0458984375 0.14453125
0 0.5556640625 0.56103515625 0.0546875 0.1240234375
0 0.58642578125 0.51171875 0.0205078125 0.021484375
0 0.9912109375 0.53564453125 0.015625 0.0615234375
0 0.298828125 0.5693359375 0.068359375 0.109375
0 0.08251953125 0.58935546875 0.1025390625 0.0986328125
0 0.8291015625 0.56103515625 0.0390625 0.0380859375
0 0.5283203125 0.5927734375 0.080078125 0.099609375
0 0.9736328125 0.61279296875 0.021484375 0.1103515625
0 0.6015625 0.5869140625 0.076171875 0.056640625
0 0.9921875 0.58154296875 0.013671875 0.0244140625
0 0.02978515625 0.6357421875 0.0244140625 0.126953125
0 0.9423828125 0.6357421875 0.048828125 0.1171875
0 0.53271484375 0.63525390625 0.1044921875 0.1123046875
0 0.71875 0.6279296875 0.09375 0.09375
0 0.8798828125 0.65576171875 0.02734375 0.1279296875
0 0.31103515625 0.6279296875 0.1025390625 0.06640625
0 0.82861328125 0.61962890625 0.0361328125 0.0458984375
0 0.912109375 0.67822265625 0.048828125 0.1240234375
0 0.27099609375 0.65576171875 0.1044921875 0.0751953125
0 0.8115234375 0.69970703125 0.08984375 0.1416015625
0 0.7431640625 0.669921875 0.068359375 0.080078125
0 0.95263671875 0.64306640625 0.0244140625 0.0205078125
0 0.984375 0.73486328125 0.029296875 0.1904296875
0 0.08740234375 0.7041015625 0.0654296875 0.11328125
0 0.853515625 0.7294921875 0.048828125 0.123046875
0 0.9921875 0.7119140625 0.013671875 0.05859375
0 0.50634765625 0.740234375 0.0888671875 0.099609375
0 0.0390625 0.7109375 0.015625 0.021484375
0 0.2509765625 0.75341796875 0.06640625 0.1025390625
0 0.88525390625 0.8134765625 0.0634765625 0.1875
0 0.93017578125 0.76123046875 0.0615234375 0.0810546875
0 0.66845703125 0.77587890625 0.0283203125 0.1025390625
0 0.10009765625 0.81201171875 0.0771484375 0.1259765625
0 0.775390625 0.81884765625 0.099609375 0.1259765625
0 0.59228515625 0.8623046875 0.0244140625 0.12109375
0 0.48583984375 0.884765625 0.1083984375 0.0859375
0 0.31103515625 0.9248046875 0.1396484375 0.1484375
0 0.49609375 0.91845703125 0.091796875 0.0986328125
0 0.33447265625 0.89599609375 0.1083984375 0.0224609375
0 0.740234375 0.9287109375 0.060546875 0.064453125
0 0.9091796875 0.93603515625 0.099609375 0.0439453125
0 0.26123046875 0.98046875 0.1083984375 0.037109375
0 0.14794921875 0.97998046875 0.0283203125 0.0341796875
0 0.8779296875 0.15966796875 0.064453125 0.1103515625
0 0.92724609375 0.23876953125 0.0380859375 0.0693359375
0 0.91748046875 0.2412109375 0.0244140625 0.05078125
0 0.85595703125 0.07275390625 0.0615234375 0.1201171875
0 0.8173828125 0.103515625 0.11328125 0.078125
0 0.7802734375 0.505859375 0.1015625 0.0625
0 0.8388671875 0.84912109375 0.037109375 0.1240234375
0 0.84375 0.8642578125 0.0546875 0.134765625
0 0.89013671875 0.94677734375 0.1396484375 0.0693359375
0 0.91650390625 0.93701171875 0.0986328125 0.0537109375
0 0.99072265625 0.84619140625 0.0205078125 0.0478515625
0 0.7001953125 0.97998046875 0.078125 0.0380859375
0 0.4228515625 0.978515625 0.07421875 0.037109375
0 0.65185546875 0.654296875 0.1240234375 0.056640625
0 0.65625 0.69677734375 0.111328125 0.0849609375
0 0.5966796875 0.70703125 0.140625 0.048828125
0 0.36181640625 0.77392578125 0.1064453125 0.1279296875
0 0.3359375 0.81884765625 0.0703125 0.1416015625
0 0.40576171875 0.8291015625 0.1298828125 0.111328125
0 0.59716796875 0.7861328125 0.1064453125 0.14453125
0 0.67333984375 0.8359375 0.1083984375 0.115234375
0 0.65380859375 0.81591796875 0.0517578125 0.1591796875
0 0.626953125 0.70654296875 0.029296875 0.1298828125
0 0.39990234375 0.60107421875 0.0634765625 0.1298828125
0 0.38232421875 0.5888671875 0.0712890625 0.140625
0 0.23681640625 0.2978515625 0.0439453125 0.119140625
0 0.07275390625 0.02294921875 0.0224609375 0.0419921875
0 0.3056640625 0.0166015625 0.03125 0.03125
0 0.41552734375 0.03515625 0.0458984375 0.064453125
0 0.4384765625 0.0078125 0.025390625 0.013671875
0 0.71630859375 0.0146484375 0.0380859375 0.025390625
0 0.7763671875 0.00927734375 0.03515625 0.0185546875
0 0.53955078125 0.02587890625 0.0361328125 0.0478515625
0 0.08642578125 0.02783203125 0.0322265625 0.0478515625
0 0.28857421875 0.18505859375 0.0986328125 0.1123046875
0 0.85546875 0.02783203125 0.041015625 0.0419921875
0 0.88525390625 0.0458984375 0.0595703125 0.09375
0 0.9814453125 0.03271484375 0.03515625 0.0498046875
0 0.94580078125 0.24853515625 0.0810546875 0.1298828125
0 0.63134765625 0.501953125 0.1181640625 0.080078125
0 0.7138671875 0.54833984375 0.080078125 0.1005859375
0 0.64013671875 0.53564453125 0.0556640625 0.1474609375
0 0.96826171875 0.9296875 0.0615234375 0.138671875
0 0.96826171875 0.97216796875 0.0595703125 0.0439453125
0 0.5654296875 0.4970703125 0.134765625 0.109375
0 0.82958984375 0.4921875 0.1357421875 0.072265625
0 0.7822265625 0.5 0.09375 0.068359375
0 0.640625 0.541015625 0.041015625 0.13671875
0 0.20556640625 0.56298828125 0.0947265625 0.0966796875
0 0.2158203125 0.53466796875 0.080078125 0.1162109375
0 0.22802734375 0.5517578125 0.0595703125 0.169921875
0 0.134765625 0.5772705078125 0.099609375 0.079833984375
