0 -0.0009765625 0.39404296875 0.0 0.0380859375
0 0.27197265625 0.07861328125 0.1376953125 0.0927734375
0 0.29150390625 0.06103515625 0.0478515625 0.1064453125
0 0.35693359375 0.0625 0.1181640625 0.025390625
0 0.34423828125 0.01123046875 0.0595703125 0.0244140625
0 0.37841796875 0.03076171875 0.1005859375 0.0380859375
0 0.4619140625 0.02685546875 0.060546875 0.0439453125
0 0.39599609375 0.0986328125 0.0517578125 0.08984375
0 0.427734375 0.0947265625 0.119140625 0.041015625
0 0.34130859375 0.06591796875 0.0537109375 0.0888671875
0 0.32568359375 0.14697265625 0.1591796875 0.0400390625
0 0.27294921875 0.185546875 0.0927734375 0.048828125
0 0.29443359375 0.21728515625 0.0888671875 0.0537109375
0 0.1767578125 0.232421875 0.109375 0.068359375
0 0.04296875 0.1083984375 0.0546875 0.115234375
0 0.11376953125 0.0322265625 0.1005859375 0.04296875
0 0.0537109375 0.0224609375 0.09375 0.03515625
0 0.06298828125 0.2685546875 0.1044921875 0.08984375
0 0.04150390625 0.41943359375 0.0458984375 0.1044921875
0 0.04833984375 0.3759765625 0.0849609375 0.0390625
0 0.25732421875 0.31640625 0.1240234375 0.029296875
0 0.29736328125 0.31640625 0.0888671875 0.046875
0 0.38232421875 0.25 0.1005859375 0.044921875
0 0.4560546875 0.20263671875 0.138671875 0.0498046875
0 0.498046875 0.2529296875 0.11328125 0.060546875
0 0.56884765625 0.25341796875 0.1181640625 0.0478515625
0 0.54931640625 0.31787109375 0.0751953125 0.0673828125
0 0.671875 0.10009765625 0.1171875 0.0732421875
0 0.55078125 0.1357421875 0.07421875 0.05078125
0 0.6533203125 0.1845703125 0.103515625 0.03515625
0 0.71826171875 0.22998046875 0.1298828125 0.0380859375
0 0.79248046875 0.20166015625 0.1298828125 0.0556640625
0 0.82177734375 0.1650390625 0.1005859375 0.03515625
0 0.83642578125 0.134765625 0.1201171875 0.044921875
0 0.9306640625 0.189453125 0.076171875 0.04296875
0 0.9287109375 0.04345703125 0.06640625 0.0693359375
0 0.97509765625 0.1337890625 0.0400390625 0.05078125
0 0.9814453125 0.07763671875 0.025390625 0.0400390625
0 0.8974609375 0.32763671875 0.146484375 0.0556640625
0 0.95458984375 0.35888671875 0.0693359375 0.1220703125
0 0.86962890625 0.36181640625 0.0751953125 0.0595703125
0 0.90869140625 0.41357421875 0.1337890625 0.0419921875
0 0.96044921875 0.48388671875 0.0634765625 0.0361328125
0 0.67236328125 0.3740234375 0.1240234375 0.041015625
0 0.7001953125 0.39599609375 0.130859375 0.0498046875
0 0.6630859375 0.30615234375 0.10546875 0.0595703125
0 0.646484375 0.33447265625 0.080078125 0.0302734375
0 0.48046875 0.404296875 0.103515625 0.080078125
0 0.5478515625 0.4091796875 0.052734375 0.08203125
0 0.42333984375 0.359375 0.1064453125 0.0390625
0 0.36328125 0.345703125 0.083984375 0.03125
0 0.38623046875 0.4228515625 0.1181640625 0.029296875
0 0.37646484375 0.4765625 0.0673828125 0.05078125
0 0.19921875 0.40673828125 0.10546875 0.0791015625
0 0.16552734375 0.345703125 0.0576171875 0.083984375
0 0.24072265625 0.4423828125 0.0517578125 0.111328125
0 0.2509765625 0.4521484375 0.115234375 0.029296875
0 0.11376953125 0.42919921875 0.0888671875 0.0966796875
0 0.13427734375 0.466796875 0.0751953125 0.08203125
0 0.1806640625 0.4306640625 0.05859375 0.08203125
0 0.291015625 0.49853515625 0.1015625 0.0732421875
0 0.29052734375 0.51708984375 0.0732421875 0.0341796875
0 0.220703125 0.57666015625 0.046875 0.1337890625
0 0.19287109375 0.6474609375 0.0947265625 0.041015625
0 0.125 0.56103515625 0.052734375 0.0576171875
0 0.07763671875 0.5830078125 0.0986328125 0.08203125
0 0.068359375 0.61669921875 0.01953125 0.0712890625
0 0.06201171875 0.63623046875 0.0869140625 0.0673828125
0 0.0556640625 0.681640625 0.083984375 0.060546875
0 0.0458984375 0.7158203125 0.0703125 0.0703125
0 0.09423828125 0.6845703125 0.0615234375 0.0625
0 0.0498046875 0.7470703125 0.052734375 0.0625
0 0.1103515625 0.74755859375 0.087890625 0.0595703125
0 0.1162109375 0.80419921875 0.109375 0.0908203125
0 0.0615234375 0.8564453125 0.06640625 0.04296875
0 0.025390625 0.8857421875 0.05078125 0.123046875
0 0.02490234375 0.93603515625 0.0537109375 0.1064453125
0 0.05908203125 0.947265625 0.0576171875 0.095703125
0 0.09521484375 0.86767578125 0.0400390625 0.1083984375
0 0.21630859375 0.810546875 0.0888671875 0.076171875
0 0.23779296875 0.810546875 0.1396484375 0.041015625
0 0.2841796875 0.74853515625 0.076171875 0.0634765625
0 0.31982421875 0.6591796875 0.0341796875 0.12890625
0 0.35888671875 0.7451171875 0.0693359375 0.119140625
0 0.7607421875 0.62451171875 0.115234375 0.0810546875
0 0.76220703125 0.484375 0.1220703125 0.046875
0 0.7841796875 0.50341796875 0.109375 0.0400390625
0 0.83837890625 0.51025390625 0.0595703125 0.0986328125
0 0.95947265625 0.5546875 0.0634765625 0.04296875
0 0.919921875 0.86474609375 0.09765625 0.0283203125
0 0.9150390625 0.90087890625 0.091796875 0.0537109375
0 0.83349609375 0.93310546875 0.0849609375 0.0732421875
0 0.7880859375 0.9541015625 0.103515625 0.056640625
0 0.67236328125 0.8427734375 0.0458984375 0.115234375
0 0.69287109375 0.74609375 0.1064453125 0.052734375
0 0.56689453125 0.61767578125 0.0849609375 0.0810546875
0 0.53515625 0.5634765625 0.09765625 0.029296875
0 0.61328125 0.5849609375 0.0859375 0.03515625
0 0.51904296875 0.54052734375 0.1416015625 0.0478515625
0 0.4267578125 0.5732421875 0.091796875 0.037109375
0 0.41455078125 0.6279296875 0.0771484375 0.072265625
0 0.4375 0.64453125 0.10546875 0.05078125
0 0.541015625 0.6591796875 0.12109375 0.03515625
0 0.474609375 0.75390625 0.046875 0.126953125
0 0.51953125 0.73388671875 0.064453125 0.1337890625
0 0.5205078125 0.740234375 0.037109375 0.083984375
0 0.55078125 0.7802734375 0.0859375 0.0859375
0 0.57666015625 0.81005859375 0.1162109375 0.0537109375
0 0.5361328125 0.96875 0.1328125 0.041015625
0 0.6220703125 0.962890625 0.083984375 0.0546875
0 0.26220703125 0.9365234375 0.1044921875 0.099609375
0 0.24853515625 0.86572265625 0.0927734375 0.0751953125
0 0.20458984375 0.90966796875 0.0849609375 0.0830078125
0 0.43505859375 0.4794921875 0.0966796875 0.064453125
0 0.46533203125 0.48583984375 0.1123046875 0.0615234375
0 0.439453125 0.95654296875 0.03515625 0.0693359375
0 0.87060546875 0.50830078125 0.1220703125 0.0439453125
0 0.7626953125 0.005859375 0.10546875 0.015625
0 0.9619140625 0.0107421875 0.056640625 0.017578125
0 0.93603515625 0.5908203125 0.0712890625 0.046875
0 0.4990234375 0.8916320838034153 0.0703125 0.017517082393169403
