0 0.6025390625 0.982421875 0.05078125 0.033203125
0 0.45947265625 0.98095703125 0.0693359375 0.0361328125
0 0.49365234375 0.96533203125 0.0615234375 0.0673828125
0 0.779296875 0.9775390625 0.07421875 0.04296875
0 0.94384765625 0.97265625 0.0205078125 0.048828125
0 0.4599609375 0.96826171875 0.021484375 0.0146484375
0 0.9013671875 0.9619140625 0.064453125 0.0234375
0 0.7666015625 0.9501953125 0.013671875 0.029296875
0 0.72314453125 0.951171875 0.0693359375 0.025390625
0 0.11181640625 0.94873046875 0.0498046875 0.0185546875
0 0.455078125 0.9501953125 0.015625 0.013671875
0 0.83251953125 0.9501953125 0.0244140625 0.01171875
0 0.9775390625 0.94091796875 0.04296875 0.0263671875
0 0.73828125 0.93505859375 0.06640625 0.0146484375
0 0.44970703125 0.919921875 0.1123046875 0.04296875
0 0.603515625 0.93310546875 0.0546875 0.0166015625
0 0.36474609375 0.92041015625 0.0205078125 0.0205078125
0 0.99169921875 0.91845703125 0.0146484375 0.0166015625
0 0.63330078125 0.91845703125 0.0263671875 0.0107421875
0 0.73828125 0.9140625 0.048828125 0.01953125
0 0.3896484375 0.90185546875 0.021484375 0.0283203125
0 0.1484375 0.896484375 0.06640625 0.021484375
0 0.1875 0.8857421875 0.09765625 0.04296875
0 0.7607421875 0.87158203125 0.072265625 0.0185546875
0 0.541015625 0.8642578125 0.123046875 0.03125
0 0.4560546875 0.8623046875 0.044921875 0.03125
0 0.7109375 0.86328125 0.048828125 0.017578125
0 0.96923828125 0.83251953125 0.0595703125 0.0283203125
0 0.49658203125 0.82568359375 0.0302734375 0.0341796875
0 0.59912109375 0.82470703125 0.1025390625 0.0283203125
0 0.869140625 0.81787109375 0.0234375 0.0244140625
0 0.71728515625 0.81494140625 0.0439453125 0.0224609375
0 0.8193359375 0.8037109375 0.029296875 0.025390625
0 0.6318359375 0.79296875 0.0546875 0.044921875
0 0.98095703125 0.80615234375 0.0341796875 0.0048828125
0 0.99609375 0.77734375 0.005859375 0.056640625
0 0.3798828125 0.78759765625 0.080078125 0.0263671875
0 0.00244140625 0.77099609375 0.0068359375 0.0263671875
0 0.71826171875 0.75439453125 0.0810546875 0.0361328125
0 0.11181640625 0.7275390625 0.0263671875 0.076171875
0 0.14794921875 0.70947265625 0.0380859375 0.0947265625
0 0.35205078125 0.6806640625 0.1279296875 0.125
0 0.6953125 0.72509765625 0.076171875 0.0166015625
0 0.83984375 0.6982421875 0.111328125 0.048828125
0 0.3046875 0.71142578125 0.01953125 0.0185546875
0 0.2568359375 0.6806640625 0.021484375 0.052734375
0 0.97900390625 0.66064453125 0.0400390625 0.0361328125
0 0.87353515625 0.65234375 0.0556640625 0.05078125
0 0.89208984375 0.63818359375 0.0537109375 0.0556640625
0 0.59619140625 0.634765625 0.0126953125 0.0390625
0 0.05322265625 0.63232421875 0.0810546875 0.0419921875
0 0.6806640625 0.6376953125 0.107421875 0.01953125
0 0.076171875 0.6171875 0.087890625 0.044921875
0 0.2431640625 0.57373046875 0.09375 0.0556640625
0 0.3857421875 0.56689453125 0.033203125 0.0458984375
0 0.263671875 0.5576171875 0.103515625 0.0546875
0 0.92626953125 0.5634765625 0.1123046875 0.02734375
0 0.54541015625 0.568359375 0.0693359375 0.013671875
0 0.1748046875 0.55517578125 0.041015625 0.0185546875
0 0.400390625 0.55615234375 0.013671875 0.0166015625
0 0.08447265625 0.548828125 0.0537109375 0.015625
0 0.5107421875 0.546875 0.029296875 0.009765625
0 0.5751953125 0.54345703125 0.076171875 0.0146484375
0 0.4208984375 0.525390625 0.025390625 0.041015625
0 0.955078125 0.52880859375 0.087890625 0.0302734375
0 0.7666015625 0.50927734375 0.08984375 0.0517578125
0 0.0478515625 0.4970703125 0.021484375 0.0625
0 0.52783203125 0.5029296875 0.1142578125 0.041015625
0 0.5849609375 0.50732421875 0.0234375 0.0146484375
0 0.42724609375 0.4921875 0.0634765625 0.037109375
0 0.15478515625 0.46240234375 0.0693359375 0.0791015625
0 0.8642578125 0.4521484375 0.078125 0.0703125
0 0.8955078125 0.236328125 0.20703125 0.474609375
0 0.96923828125 0.4599609375 0.0595703125 0.017578125
0 0.50830078125 0.451171875 0.1142578125 0.03125
0 0.05908203125 0.45751953125 0.0126953125 0.0166015625
0 0.20703125 0.4208984375 0.04296875 0.046875
0 0.8740234375 0.42431640625 0.029296875 0.0361328125
0 0.90283203125 0.41015625 0.0693359375 0.064453125
0 0.42333984375 0.4130859375 0.0302734375 0.046875
0 0.8388671875 0.40478515625 0.056640625 0.0615234375
0 0.0322265625 0.4150390625 0.025390625 0.01953125
0 0.060546875 0.4111328125 0.017578125 0.015625
0 0.451171875 0.38818359375 0.11328125 0.0556640625
0 0.01220703125 0.36181640625 0.0263671875 0.0791015625
0 0.1591796875 0.390625 0.0625 0.021484375
0 0.48095703125 0.35791015625 0.1064453125 0.0556640625
0 0.85693359375 0.3154296875 0.0966796875 0.05859375
0 0.10693359375 0.3193359375 0.0556640625 0.046875
0 0.24169921875 0.30810546875 0.0146484375 0.0634765625
0 0.1083984375 0.271484375 0.03515625 0.05078125
0 0.9970703125 0.240234375 0.00390625 0.111328125
0 0.1162109375 0.25537109375 0.052734375 0.0693359375
0 0.94775390625 0.27783203125 0.0419921875 0.0205078125
0 0.8759765625 0.27099609375 0.0703125 0.0263671875
0 0.89501953125 0.2392578125 0.0537109375 0.087890625
0 0.20263671875 0.25048828125 0.0537109375 0.0498046875
0 0.2314453125 0.25048828125 0.021484375 0.0498046875
0 0.15185546875 0.2412109375 0.0419921875 0.046875
0 0.97021484375 0.24853515625 0.0166015625 0.0107421875
0 0.083984375 0.2412109375 0.015625 0.015625
0 0.37109375 0.2109375 0.099609375 0.0546875
0 0.22998046875 0.1806640625 0.1240234375 0.11328125
0 0.08251953125 0.20361328125 0.0146484375 0.0615234375
0 0.1796875 0.18798828125 0.07421875 0.0712890625
0 0.3955078125 0.18701171875 0.099609375 0.0595703125
0 0.7578125 0.15771484375 0.01953125 0.0966796875
0 0.8330078125 0.1689453125 0.07421875 0.056640625
0 0.59716796875 0.18994140625 0.0986328125 0.0126953125
0 0.076171875 0.17138671875 0.095703125 0.0478515625
0 0.70068359375 0.171875 0.0634765625 0.033203125
0 0.50244140625 0.1728515625 0.0400390625 0.013671875
0 0.908203125 0.17041015625 0.109375 0.0166015625
0 0.6220703125 0.1474609375 0.064453125 0.0234375
0 0.9189453125 0.1474609375 0.015625 0.015625
0 0.95703125 0.14794921875 0.046875 0.0087890625
0 0.89306640625 0.14501953125 0.0302734375 0.0107421875
0 0.14892578125 0.13525390625 0.0361328125 0.0283203125
0 0.90234375 0.12841796875 0.0859375 0.0361328125
0 0.24853515625 0.1396484375 0.0693359375 0.009765625
0 0.65185546875 0.13525390625 0.0439453125 0.0146484375
0 0.0146484375 0.1259765625 0.03125 0.03125
0 0.849609375 0.1240234375 0.033203125 0.03125
0 0.537109375 0.13037109375 0.021484375 0.0087890625
0 0.96435546875 0.0986328125 0.0693359375 0.0625
0 0.2275390625 0.10693359375 0.05078125 0.0439453125
0 0.90576171875 0.11328125 0.0185546875 0.029296875
0 0.11279296875 0.11181640625 0.0361328125 0.0185546875
0 0.421875 0.07470703125 0.06640625 0.0888671875
0 0.9736328125 0.0830078125 0.05078125 0.068359375
0 0.34521484375 0.072265625 0.0224609375 0.083984375
0 0.14453125 0.06640625 0.0625 0.08984375
0 0.6875 0.09912109375 0.11328125 0.0224609375
0 0.3154296875 0.06298828125 0.052734375 0.0927734375
0 0.8251953125 0.0888671875 0.009765625 0.0234375
0 0.92724609375 0.09423828125 0.0185546875 0.0126953125
0 0.01708984375 0.08251953125 0.0361328125 0.0322265625
0 0.90283203125 0.08984375 0.0185546875 0.015625
0 0.38623046875 0.0615234375 0.0361328125 0.060546875
0 0.2451171875 0.07861328125 0.015625 0.0146484375
0 0.70458984375 0.07373046875 0.1064453125 0.0244140625
0 0.18310546875 0.048828125 0.0185546875 0.041015625
0 0.5625 0.037109375 0.0546875 0.056640625
0 0.68505859375 0.048828125 0.0576171875 0.029296875
0 0.3955078125 0.02978515625 0.087890625 0.0263671875
0 0.8544921875 0.02099609375 0.083984375 0.0439453125
0 0.44287109375 0.01318359375 0.0693359375 0.0283203125
0 0.1865234375 0.0185546875 0.111328125 0.015625
0 0.74658203125 0.013671875 0.0615234375 0.0078125
0 0.376953125 0.0078125 0.068359375 0.017578125
0 0.744140625 0.0078125 0.09375 0.017578125
0 0.56494140625 0.0068359375 0.0166015625 0.015625
0 0.40966796875 0.0029296875 0.0361328125 0.0078125
0 0.1103515625 0.001953125 0.025390625 0.005859375
