0 0.05859375 0.0048828125 0.0859375 0.01171875
0 0.5625 0.00927734375 0.107421875 0.0205078125
0 0.0146484375 0.013671875 0.03125 0.029296875
0 0.26123046875 0.03857421875 0.0771484375 0.0791015625
0 0.44873046875 0.0263671875 0.1044921875 0.0546875
0 0.81298828125 0.03369140625 0.1533203125 0.0439453125
0 0.70263671875 0.03076171875 0.0849609375 0.0185546875
0 0.0322265625 0.04833984375 0.0234375 0.0419921875
0 0.130859375 0.0576171875 0.041015625 0.037109375
0 0.10986328125 0.064453125 0.0810546875 0.033203125
0 0.0556640625 0.0849609375 0.0234375 0.0625
0 0.96630859375 0.08837890625 0.0654296875 0.0537109375
0 0.39501953125 0.0849609375 0.0986328125 0.046875
0 0.60888671875 0.08154296875 0.1181640625 0.0302734375
0 0.36474609375 0.0732421875 0.0478515625 0.009765625
0 0.43603515625 0.08154296875 0.0576171875 0.0205078125
0 0.00048828125 0.10400390625 0.0029296875 0.0654296875
0 0.3623046875 0.10546875 0.091796875 0.05859375
0 0.52587890625 0.1015625 0.0419921875 0.048828125
0 0.18310546875 0.09765625 0.0556640625 0.033203125
0 0.98486328125 0.12646484375 0.0283203125 0.0732421875
0 0.47119140625 0.11865234375 0.0869140625 0.0185546875
0 0.15869140625 0.16259765625 0.0693359375 0.0947265625
0 0.1005859375 0.130859375 0.017578125 0.029296875
0 0.56201171875 0.13134765625 0.0771484375 0.0166015625
0 0.7255859375 0.14404296875 0.107421875 0.0400390625
0 0.3671875 0.15576171875 0.09375 0.0576171875
0 0.83544921875 0.15673828125 0.1494140625 0.0458984375
0 0.43408203125 0.17041015625 0.1005859375 0.0634765625
0 0.02490234375 0.2041015625 0.0517578125 0.078125
0 0.5673828125 0.19287109375 0.0703125 0.0205078125
0 0.50439453125 0.19189453125 0.0439453125 0.0087890625
0 0.56689453125 0.22705078125 0.0751953125 0.0693359375
0 0.1533203125 0.20947265625 0.01953125 0.0185546875
0 0.6962890625 0.228515625 0.076171875 0.033203125
0 0.23876953125 0.25390625 0.0732421875 0.076171875
0 0.0556640625 0.27392578125 0.05078125 0.0615234375
0 0.45703125 0.3173828125 0.15625 0.142578125
0 0.94384765625 0.283203125 0.0712890625 0.060546875
0 0.0556640625 0.31689453125 0.09765625 0.0693359375
0 0.6650390625 0.2978515625 0.068359375 0.021484375
0 0.17431640625 0.30908203125 0.0283203125 0.0322265625
0 0.13720703125 0.32177734375 0.0673828125 0.0517578125
0 0.85302734375 0.32421875 0.0810546875 0.0390625
0 0.765625 0.31396484375 0.095703125 0.0185546875
0 0.95849609375 0.3671875 0.0810546875 0.052734375
0 0.60009765625 0.38818359375 0.1044921875 0.0458984375
0 0.18701171875 0.39794921875 0.0869140625 0.0517578125
0 0.07373046875 0.3896484375 0.0185546875 0.025390625
0 0.1279296875 0.44287109375 0.03125 0.0654296875
0 0.8212890625 0.42822265625 0.115234375 0.0166015625
0 0.66552734375 0.4541015625 0.1064453125 0.04296875
0 0.2314453125 0.4541015625 0.080078125 0.041015625
0 0.55810546875 0.4755859375 0.1103515625 0.046875
0 0.96337890625 0.4990234375 0.0712890625 0.080078125
0 0.361328125 0.48193359375 0.09375 0.0439453125
0 0.0703125 0.5029296875 0.09375 0.08203125
0 0.9970703125 0.4912109375 0.00390625 0.013671875
0 0.7001953125 0.4931640625 0.0859375 0.013671875
0 0.53564453125 0.51708984375 0.1201171875 0.0361328125
0 0.83984375 0.51806640625 0.1171875 0.0205078125
0 0.12939453125 0.5302734375 0.0302734375 0.037109375
0 0.26025390625 0.5478515625 0.0869140625 0.05859375
0 0.162109375 0.564453125 0.087890625 0.0546875
0 0.03173828125 0.55859375 0.0654296875 0.037109375
0 0.814453125 0.5712890625 0.11328125 0.033203125
0 0.90380859375 0.5849609375 0.0771484375 0.046875
0 0.01904296875 0.587890625 0.0400390625 0.033203125
0 0.3798828125 0.60009765625 0.1171875 0.0302734375
0 0.05859375 0.62939453125 0.10546875 0.0869140625
0 0.29248046875 0.6123046875 0.1025390625 0.01953125
0 0.4599609375 0.623046875 0.052734375 0.03515625
0 0.64013671875 0.6142578125 0.0283203125 0.01171875
0 0.52734375 0.623046875 0.10546875 0.017578125
0 0.142578125 0.64404296875 0.03125 0.0439453125
0 0.31982421875 0.6669921875 0.1044921875 0.0546875
0 0.25830078125 0.67431640625 0.0830078125 0.0673828125
0 0.5087890625 0.6552734375 0.072265625 0.02734375
0 0.62841796875 0.67333984375 0.1103515625 0.0458984375
0 0.96875 0.681640625 0.060546875 0.025390625
0 0.4345703125 0.70947265625 0.080078125 0.0185546875
0 0.17236328125 0.73388671875 0.0576171875 0.0595703125
0 0.98193359375 0.7158203125 0.0341796875 0.009765625
0 0.3564453125 0.74267578125 0.109375 0.0537109375
0 0.95654296875 0.7548828125 0.0849609375 0.046875
0 0.85546875 0.74267578125 0.0625 0.0126953125
0 0.5029296875 0.7568359375 0.103515625 0.03515625
0 0.8505859375 0.75390625 0.09765625 0.02734375
0 0.6806640625 0.75732421875 0.087890625 0.0146484375
0 0.59912109375 0.77490234375 0.0849609375 0.0244140625
0 0.10986328125 0.81640625 0.0869140625 0.076171875
0 0.5224609375 0.80517578125 0.099609375 0.0498046875
0 0.927734375 0.798828125 0.091796875 0.015625
0 0.83447265625 0.82666015625 0.1083984375 0.0478515625
0 0.599609375 0.8212890625 0.08203125 0.037109375
0 0.4345703125 0.82666015625 0.099609375 0.0458984375
0 0.2158203125 0.83984375 0.083984375 0.072265625
0 0.0380859375 0.87646484375 0.078125 0.0712890625
0 0.2900390625 0.88525390625 0.060546875 0.0341796875
0 0.93017578125 0.8837890625 0.1025390625 0.017578125
0 0.6806640625 0.90283203125 0.119140625 0.0458984375
0 0.45751953125 0.89404296875 0.0810546875 0.0263671875
0 0.80078125 0.90283203125 0.078125 0.0263671875
0 0.3857421875 0.9296875 0.087890625 0.048828125
0 0.87353515625 0.962890625 0.1552734375 0.072265625
0 0.0146484375 0.9658203125 0.03125 0.06640625
0 0.72265625 0.96875 0.09765625 0.052734375
0 0.5703125 0.95947265625 0.07421875 0.0322265625
0 0.46826171875 0.9755859375 0.1474609375 0.046875
0 0.279296875 0.9853515625 0.087890625 0.02734375
0 0.02978515625 0.99267578125 0.0615234375 0.0126953125
