0 0.517578125 0.0244140625 0.12890625 0.05078125
0 0.13916015625 0.01953125 0.1220703125 0.0390625
0 0.40087890625 0.03759765625 0.0966796875 0.0537109375
0 0.66259765625 0.02490234375 0.0751953125 0.0146484375
0 0.0205078125 0.04736328125 0.04296875 0.0498046875
0 0.38818359375 0.51220703125 0.7783203125 0.9736328125
0 0.64404296875 0.052734375 0.1044921875 0.029296875
0 0.98583984375 0.056640625 0.0263671875 0.03515625
0 0.41015625 0.0849609375 0.0703125 0.083984375
0 0.298828125 0.0654296875 0.09765625 0.0390625
0 0.0283203125 0.07080078125 0.05859375 0.0458984375
0 0.458984375 0.13134765625 0.13671875 0.1396484375
0 0.01416015625 0.10498046875 0.0302734375 0.0439453125
0 0.18359375 0.109375 0.123046875 0.029296875
0 0.615234375 0.12451171875 0.064453125 0.0478515625
0 0.005859375 0.12841796875 0.013671875 0.0185546875
0 0.947265625 0.14306640625 0.103515625 0.0302734375
0 0.59912109375 0.14501953125 0.0634765625 0.0322265625
0 0.654296875 0.14990234375 0.041015625 0.0244140625
0 0.62255859375 0.197265625 0.1689453125 0.08203125
0 0.587890625 0.1669921875 0.021484375 0.015625
0 0.71142578125 0.21337890625 0.0595703125 0.0966796875
0 0.009765625 0.17529296875 0.021484375 0.0185546875
0 0.607421875 0.17529296875 0.0234375 0.0185546875
0 0.1494140625 0.18408203125 0.076171875 0.0302734375
0 0.24462890625 0.2109375 0.0869140625 0.072265625
0 0.6416015625 0.19384765625 0.025390625 0.0244140625
0 0.79833984375 0.2236328125 0.1162109375 0.0703125
0 0.65478515625 0.20068359375 0.0126953125 0.0166015625
0 0.09033203125 0.21435546875 0.0322265625 0.0419921875
0 0.42236328125 0.1982421875 0.0400390625 0.009765625
0 0.1845703125 0.23046875 0.0625 0.060546875
0 0.44140625 0.2265625 0.033203125 0.05078125
0 0.46875 0.21875 0.021484375 0.017578125
0 0.234375 0.23095703125 0.056640625 0.0341796875
0 0.77978515625 0.2255859375 0.0244140625 0.0234375
0 0.0712890625 0.2509765625 0.07421875 0.015625
0 0.30322265625 0.263671875 0.1259765625 0.029296875
0 0.80224609375 0.27490234375 0.1005859375 0.0478515625
0 0.4404296875 0.26416015625 0.0234375 0.0166015625
0 0.662109375 0.38525390625 0.162109375 0.2294921875
0 0.0166015625 0.2998046875 0.03515625 0.05078125
0 0.748046875 0.2861328125 0.0234375 0.017578125
0 0.81201171875 0.28759765625 0.0400390625 0.0185546875
0 0.73779296875 0.298828125 0.0263671875 0.0234375
0 0.9912109375 0.30419921875 0.015625 0.0244140625
0 0.4169921875 0.30517578125 0.01953125 0.0166015625
0 0.78466796875 0.31103515625 0.0419921875 0.0244140625
0 0.03173828125 0.32275390625 0.0654296875 0.0400390625
0 0.7529296875 0.32763671875 0.07421875 0.0458984375
0 0.955078125 0.34130859375 0.087890625 0.0458984375
0 0.24609375 0.34814453125 0.150390625 0.0478515625
0 0.7529296875 0.36572265625 0.04296875 0.0302734375
0 0.203125 0.36279296875 0.04296875 0.0185546875
0 0.08447265625 0.38330078125 0.1630859375 0.0498046875
0 0.275390625 0.43212890625 0.142578125 0.1201171875
0 0.73193359375 0.39111328125 0.0556640625 0.0341796875
0 0.921875 0.39111328125 0.01953125 0.0166015625
0 0.201171875 0.41162109375 0.1015625 0.0537109375
0 0.27685546875 0.41015625 0.0615234375 0.01953125
0 0.95751953125 0.4248046875 0.0791015625 0.0390625
0 0.8095703125 0.451171875 0.0859375 0.07421875
0 0.1875 0.46533203125 0.123046875 0.0341796875
0 0.93212890625 0.46630859375 0.1103515625 0.0361328125
0 0.6865234375 0.4755859375 0.04296875 0.025390625
0 0.0830078125 0.486328125 0.109375 0.015625
0 0.66552734375 0.5009765625 0.0517578125 0.03125
0 0.62646484375 0.50634765625 0.0498046875 0.0087890625
0 0.02099609375 0.51025390625 0.0439453125 0.0126953125
0 0.91455078125 0.53076171875 0.1005859375 0.0478515625
0 0.0439453125 0.54443359375 0.07421875 0.0673828125
0 0.68994140625 0.52685546875 0.0537109375 0.0283203125
0 0.23388671875 0.521484375 0.0166015625 0.013671875
0 0.64453125 0.53076171875 0.064453125 0.0263671875
0 0.6337890625 0.55615234375 0.052734375 0.0322265625
0 0.14306640625 0.57861328125 0.1044921875 0.0732421875
0 0.798828125 0.556640625 0.015625 0.021484375
0 0.92822265625 0.5673828125 0.1044921875 0.03515625
0 0.85302734375 0.58740234375 0.0830078125 0.0283203125
0 0.0673828125 0.60791015625 0.052734375 0.0576171875
0 0.6630859375 0.59619140625 0.095703125 0.0224609375
0 0.6025390625 0.61181640625 0.0546875 0.0341796875
0 0.791015625 0.6357421875 0.07421875 0.03515625
0 0.484375 0.63037109375 0.01953125 0.0166015625
0 0.59130859375 0.6416015625 0.0439453125 0.02734375
0 0.025390625 0.64697265625 0.052734375 0.0185546875
0 0.52490234375 0.65576171875 0.0224609375 0.0205078125
0 0.75341796875 0.685546875 0.0810546875 0.03515625
0 0.552734375 0.7158203125 0.1171875 0.083984375
0 0.119140625 0.720703125 0.078125 0.08984375
0 0.5869140625 0.70947265625 0.111328125 0.0263671875
0 0.9716796875 0.71826171875 0.0546875 0.0205078125
0 0.0146484375 0.74658203125 0.03125 0.0712890625
0 0.32177734375 0.75927734375 0.0361328125 0.0576171875
0 0.41796875 0.740234375 0.021484375 0.01953125
0 0.89013671875 0.73876953125 0.1162109375 0.0146484375
0 0.5263671875 0.7509765625 0.04296875 0.02734375
0 0.05859375 0.77587890625 0.111328125 0.0556640625
0 0.548828125 0.79296875 0.138671875 0.064453125
0 0.03173828125 0.80224609375 0.0654296875 0.0556640625
0 0.08056640625 0.7841796875 0.0146484375 0.013671875
0 0.69677734375 0.79541015625 0.1005859375 0.0263671875
0 0.49365234375 0.8076171875 0.0439453125 0.02734375
0 0.47265625 0.83251953125 0.052734375 0.0302734375
0 0.95703125 0.8388671875 0.083984375 0.025390625
0 0.35400390625 0.85302734375 0.0185546875 0.0166015625
0 0.734375 0.859375 0.1328125 0.029296875
0 0.3955078125 0.88037109375 0.01953125 0.0185546875
0 0.74267578125 0.91259765625 0.1240234375 0.0185546875
0 0.427734375 0.931640625 0.044921875 0.052734375
0 0.57568359375 0.9248046875 0.0166015625 0.013671875
0 0.33544921875 0.96484375 0.1630859375 0.068359375
0 0.83935546875 0.9462890625 0.0791015625 0.0234375
0 0.955078125 0.9580078125 0.087890625 0.04296875
0 0.56640625 0.9677734375 0.123046875 0.03515625
0 0.38818359375 0.9873046875 0.0771484375 0.0234375
0 0.61474609375 0.9892578125 0.1025390625 0.01953125
