0 0.9189453125 0.990234375 0.095703125 0.017578125
0 0.47705078125 0.98779296875 0.1201171875 0.0224609375
0 0.0546875 0.9833984375 0.09765625 0.03125
0 0.025390625 0.9912109375 0.052734375 0.015625
0 0.04248046875 0.990234375 0.0146484375 0.005859375
0 0.119140625 0.9814453125 0.005859375 0.013671875
0 0.8125 0.953125 0.09765625 0.0625
0 0.5634765625 0.9609375 0.09375 0.03515625
0 0.1806640625 0.96875 0.095703125 0.0078125
0 0.41552734375 0.96142578125 0.1708984375 0.0146484375
0 0.23779296875 0.962890625 0.0732421875 0.01171875
0 0.26806640625 0.958984375 0.0107421875 0.005859375
0 0.18603515625 0.95556640625 0.0087890625 0.0068359375
0 0.1767578125 0.9462890625 0.0078125 0.009765625
0 0.2373046875 0.93994140625 0.126953125 0.0185546875
0 0.3642578125 0.93212890625 0.107421875 0.0185546875
0 0.7392578125 0.884765625 0.017578125 0.1015625
0 0.0361328125 0.912109375 0.0078125 0.0078125
0 0.1611328125 0.8984375 0.10546875 0.02734375
0 0.4873046875 0.9052734375 0.0078125 0.005859375
0 0.38037109375 0.8974609375 0.1142578125 0.01953125
0 0.4970703125 0.8994140625 0.009765625 0.005859375
0 0.310546875 0.89111328125 0.052734375 0.0166015625
0 0.5498046875 0.87255859375 0.09375 0.0439453125
0 0.32958984375 0.88037109375 0.0087890625 0.0126953125
0 0.2734375 0.87646484375 0.017578125 0.0107421875
0 0.677734375 0.833984375 0.07421875 0.078125
0 0.9892578125 0.83984375 0.01953125 0.052734375
0 0.32080078125 0.853515625 0.1064453125 0.017578125
0 0.77294921875 0.85302734375 0.0048828125 0.0048828125
0 0.54345703125 0.8427734375 0.0478515625 0.0234375
0 0.88818359375 0.83251953125 0.0927734375 0.0283203125
0 0.16845703125 0.8173828125 0.1025390625 0.056640625
0 0.3359375 0.80810546875 0.109375 0.0693359375
0 0.45458984375 0.8232421875 0.1064453125 0.0234375
0 0.56982421875 0.80224609375 0.0712890625 0.0615234375
0 0.52197265625 0.81884765625 0.0146484375 0.0244140625
0 0.498046875 0.82373046875 0.015625 0.0048828125
0 0.18896484375 0.818359375 0.0166015625 0.005859375
0 0.85009765625 0.81689453125 0.0166015625 0.0048828125
0 0.21826171875 0.8037109375 0.0888671875 0.0234375
0 0.6279296875 0.7998046875 0.029296875 0.029296875
0 0.25341796875 0.8056640625 0.0166015625 0.005859375
0 0.02392578125 0.796875 0.0498046875 0.01953125
0 0.23486328125 0.78955078125 0.0751953125 0.0126953125
0 0.09228515625 0.7880859375 0.0048828125 0.005859375
0 0.07958984375 0.771484375 0.1611328125 0.021484375
0 0.484375 0.76611328125 0.01171875 0.0263671875
0 0.310546875 0.763671875 0.00390625 0.01171875
0 0.64697265625 0.76171875 0.0224609375 0.005859375
0 0.87890625 0.70947265625 0.0390625 0.1044921875
0 0.6279296875 0.7587890625 0.0078125 0.005859375
0 0.630859375 0.7470703125 0.052734375 0.0234375
0 0.6611328125 0.7529296875 0.005859375 0.0078125
0 0.3046875 0.74609375 0.0078125 0.015625
0 0.751953125 0.73681640625 0.130859375 0.0283203125
0 0.60009765625 0.7470703125 0.0087890625 0.005859375
0 0.46630859375 0.7099609375 0.0263671875 0.072265625
0 0.96337890625 0.7333984375 0.0712890625 0.021484375
0 0.71875 0.74072265625 0.009765625 0.0068359375
0 0.05126953125 0.72705078125 0.1044921875 0.0341796875
0 0.6669921875 0.73388671875 0.052734375 0.0126953125
0 0.59716796875 0.73779296875 0.0107421875 0.0048828125
0 0.29736328125 0.7333984375 0.0048828125 0.005859375
0 0.60009765625 0.732421875 0.0166015625 0.005859375
0 0.2333984375 0.70947265625 0.091796875 0.0478515625
0 0.8310546875 0.7294921875 0.017578125 0.005859375
0 0.57861328125 0.72607421875 0.0263671875 0.0048828125
0 0.77197265625 0.72509765625 0.0126953125 0.0048828125
0 0.75048828125 0.72509765625 0.0107421875 0.0048828125
0 0.646484375 0.6669921875 0.078125 0.119140625
0 0.5869140625 0.72021484375 0.013671875 0.0107421875
0 0.56689453125 0.70751953125 0.0341796875 0.0322265625
0 0.75244140625 0.71923828125 0.0126953125 0.0048828125
0 0.681640625 0.7041015625 0.01171875 0.009765625
0 0.443359375 0.65478515625 0.171875 0.1044921875
0 0.03076171875 0.68359375 0.0634765625 0.041015625
0 0.16796875 0.6884765625 0.10546875 0.017578125
0 0.05419921875 0.6923828125 0.0068359375 0.005859375
0 0.70556640625 0.6767578125 0.0654296875 0.01171875
0 0.32177734375 0.666015625 0.0693359375 0.021484375
0 0.57275390625 0.66845703125 0.0810546875 0.0146484375
0 0.40087890625 0.66943359375 0.0068359375 0.0126953125
0 0.2314453125 0.66455078125 0.115234375 0.0146484375
0 0.3798828125 0.61865234375 0.046875 0.1044921875
0 0.53271484375 0.63232421875 0.0615234375 0.0595703125
0 0.43505859375 0.59423828125 0.0830078125 0.1298828125
0 0.83642578125 0.6474609375 0.0166015625 0.015625
0 0.11572265625 0.64892578125 0.0068359375 0.0048828125
0 0.56787109375 0.6328125 0.0361328125 0.029296875
0 0.923828125 0.638671875 0.09765625 0.013671875
0 0.810546875 0.607421875 0.109375 0.072265625
0 0.453125 0.638671875 0.0078125 0.0078125
0 0.791015625 0.634765625 0.00390625 0.009765625
0 0.47412109375 0.599609375 0.1259765625 0.076171875
0 0.0263671875 0.60986328125 0.0546875 0.0419921875
0 0.001953125 0.603515625 0.005859375 0.037109375
0 0.6474609375 0.599609375 0.111328125 0.02734375
0 0.43701171875 0.6103515625 0.0087890625 0.005859375
0 0.4013671875 0.603515625 0.01171875 0.01953125
0 0.763671875 0.578125 0.10546875 0.06640625
0 0.3857421875 0.599609375 0.005859375 0.009765625
0 0.53466796875 0.5947265625 0.0048828125 0.009765625
0 0.39013671875 0.58837890625 0.0087890625 0.0107421875
0 0.79736328125 0.57470703125 0.0244140625 0.0263671875
0 0.56494140625 0.578125 0.0830078125 0.01953125
0 0.0 0.58349609375 0.001953125 0.0068359375
0 0.9853515625 0.53759765625 0.02734375 0.0947265625
0 -0.00048828125 0.57470703125 0.0009765625 0.0068359375
0 0.36181640625 0.5419921875 0.0361328125 0.0703125
0 0.37646484375 0.5439453125 0.0341796875 0.060546875
0 0.904296875 0.54541015625 0.11328125 0.0478515625
0 0.14892578125 0.55615234375 0.0732421875 0.0224609375
0 0.0673828125 0.52001953125 0.111328125 0.0888671875
0 0.2744140625 0.53173828125 0.083984375 0.0439453125
0 0.57275390625 0.52685546875 0.1279296875 0.0517578125
0 0.30029296875 0.5419921875 0.0205078125 0.021484375
0 0.150390625 0.53515625 0.03125 0.02734375
0 0.052734375 0.53369140625 0.013671875 0.0126953125
0 0.888671875 0.5322265625 0.046875 0.009765625
0 0.39111328125 0.52685546875 0.0087890625 0.0068359375
0 0.28076171875 0.486328125 0.0146484375 0.076171875
0 0.025390625 0.51220703125 0.052734375 0.0205078125
0 0.3056640625 0.51171875 0.021484375 0.009765625
0 0.85888671875 0.50439453125 0.0126953125 0.0205078125
0 0.45849609375 0.48828125 0.0537109375 0.046875
0 0.3916015625 0.50830078125 0.005859375 0.0068359375
0 0.43798828125 0.5068359375 0.0087890625 0.005859375
0 0.31689453125 0.5 0.0283203125 0.01953125
0 0.34375 0.5 0.05078125 0.015625
0 0.01220703125 0.48046875 0.0263671875 0.048828125
0 0.36279296875 0.49951171875 0.0185546875 0.0087890625
0 0.71337890625 0.498046875 0.0048828125 0.005859375
0 0.50048828125 0.49365234375 0.0107421875 0.0107421875
0 0.03759765625 0.466796875 0.0302734375 0.04296875
0 0.97119140625 0.4443359375 0.0556640625 0.083984375
0 0.7080078125 0.46923828125 0.08984375 0.0322265625
0 0.23046875 0.48095703125 0.005859375 0.0048828125
0 0.349609375 0.474609375 0.009765625 0.0078125
0 0.24267578125 0.47314453125 0.0107421875 0.0087890625
0 0.8623046875 0.45751953125 0.103515625 0.0361328125
0 0.244140625 0.46728515625 0.01171875 0.0087890625
0 0.208984375 0.45166015625 0.05859375 0.0361328125
0 0.06689453125 0.43896484375 0.0732421875 0.0439453125
0 0.5654296875 0.45556640625 0.009765625 0.0048828125
0 0.4794921875 0.453125 0.009765625 0.0078125
0 0.7421875 0.4501953125 0.015625 0.0078125
0 0.44189453125 0.44873046875 0.0107421875 0.0107421875
0 0.25244140625 0.4375 0.0458984375 0.02734375
0 0.4189453125 0.44580078125 0.005859375 0.0068359375
0 0.68212890625 0.4228515625 0.1181640625 0.025390625
0 0.17041015625 0.42626953125 0.0166015625 0.0146484375
0 0.52392578125 0.41064453125 0.0576171875 0.0361328125
0 0.046875 0.421875 0.0078125 0.0078125
0 0.107421875 0.40771484375 0.04296875 0.0146484375
0 0.07763671875 0.39453125 0.0537109375 0.0390625
0 0.02392578125 0.39599609375 0.0498046875 0.0361328125
0 0.66357421875 0.40380859375 0.0087890625 0.0087890625
0 0.12939453125 0.40380859375 0.0126953125 0.0048828125
0 0.7021484375 0.3642578125 0.0625 0.080078125
0 0.1650390625 0.38623046875 0.056640625 0.0283203125
0 0.1298828125 0.39794921875 0.01171875 0.0048828125
0 0.81396484375 0.35986328125 0.0361328125 0.0791015625
0 0.11328125 0.38623046875 0.025390625 0.0205078125
0 0.4931640625 0.3837890625 0.009765625 0.015625
0 0.0576171875 0.37939453125 0.013671875 0.0087890625
0 0.11865234375 0.37646484375 0.0205078125 0.0048828125
0 0.0966796875 0.36181640625 0.064453125 0.0283203125
0 0.0546875 0.37255859375 0.015625 0.0068359375
0 0.2763671875 0.36572265625 0.115234375 0.0185546875
0 0.03369140625 0.365234375 0.0322265625 0.01953125
0 0.21826171875 0.3671875 0.0166015625 0.0078125
0 0.2333984375 0.333984375 0.087890625 0.056640625
0 0.25439453125 0.3544921875 0.0498046875 0.013671875
0 0.29736328125 0.337890625 0.0947265625 0.0234375
0 0.7744140625 0.33740234375 0.025390625 0.0068359375
0 0.7548828125 0.33447265625 0.009765625 0.0087890625
0 0.03515625 0.31591796875 0.072265625 0.0458984375
0 0.7958984375 0.33251953125 0.009765625 0.0087890625
0 0.7822265625 0.32568359375 0.044921875 0.0185546875
0 0.74951171875 0.32373046875 0.0185546875 0.0048828125
0 0.70751953125 0.3203125 0.0068359375 0.005859375
0 0.83056640625 0.31689453125 0.0068359375 0.0048828125
0 0.8037109375 0.29345703125 0.013671875 0.0419921875
0 0.82666015625 0.31103515625 0.0126953125 0.0048828125
0 0.693359375 0.31005859375 0.005859375 0.0068359375
0 0.74609375 0.265625 0.111328125 0.076171875
0 0.74755859375 0.28662109375 0.0244140625 0.0126953125
0 0.48291015625 0.2734375 0.0673828125 0.03515625
0 0.78857421875 0.26904296875 0.0439453125 0.0419921875
0 0.00537109375 0.24169921875 0.0126953125 0.0517578125
0 0.904296875 0.21875 0.109375 0.095703125
0 0.1328125 0.240234375 0.09765625 0.04296875
0 0.94140625 0.25048828125 0.0390625 0.0146484375
0 0.52294921875 0.25439453125 0.0107421875 0.0068359375
0 0.427734375 0.2255859375 0.09765625 0.064453125
0 0.7333984375 0.2470703125 0.01171875 0.009765625
0 0.53466796875 0.24658203125 0.0107421875 0.0107421875
0 0.814453125 0.2412109375 0.0078125 0.01171875
0 0.74072265625 0.2373046875 0.0048828125 0.0078125
0 0.88671875 0.19140625 0.05859375 0.083984375
0 0.09130859375 0.1962890625 0.0595703125 0.05859375
0 0.396484375 0.19287109375 0.01171875 0.0498046875
0 0.0166015625 0.20166015625 0.005859375 0.0048828125
0 0.35400390625 0.15087890625 0.0693359375 0.0888671875
0 0.958984375 0.18505859375 0.009765625 0.0185546875
0 0.533203125 0.15625 0.076171875 0.05859375
0 0.36962890625 0.1796875 0.0322265625 0.005859375
0 0.4130859375 0.14404296875 0.052734375 0.0634765625
0 0.2255859375 0.14990234375 0.0234375 0.0419921875
0 0.70556640625 0.16162109375 0.0068359375 0.0068359375
0 0.580078125 0.14697265625 0.00390625 0.0205078125
0 0.71044921875 0.125 0.0966796875 0.05859375
0 0.65966796875 0.09912109375 0.0517578125 0.0986328125
0 0.60302734375 0.140625 0.0068359375 0.0078125
0 0.07421875 0.13623046875 0.005859375 0.0126953125
0 0.03515625 0.123046875 0.072265625 0.03515625
0 0.2314453125 0.11474609375 0.015625 0.0498046875
0 0.5732421875 0.109375 0.013671875 0.05078125
0 0.2783203125 0.07763671875 0.076171875 0.0888671875
0 0.08935546875 0.080078125 0.0263671875 0.078125
0 0.9072265625 0.0634765625 0.046875 0.107421875
0 0.53564453125 0.08740234375 0.0244140625 0.0244140625
0 0.837890625 0.05126953125 0.076171875 0.0888671875
0 0.47607421875 0.05712890625 0.0908203125 0.0693359375
0 0.642578125 0.03857421875 0.01953125 0.0791015625
0 0.56005859375 0.0380859375 0.0673828125 0.060546875
0 0.69384765625 0.02978515625 0.0361328125 0.0615234375
0 0.01220703125 0.02783203125 0.0263671875 0.0576171875
0 0.77392578125 0.041015625 0.0419921875 0.021484375
0 0.46484375 0.0478515625 0.01171875 0.0078125
0 0.8056640625 0.0341796875 0.037109375 0.0234375
0 0.517578125 0.03662109375 0.0078125 0.0126953125
0 0.50341796875 0.02099609375 0.0654296875 0.0439453125
0 0.88232421875 0.01708984375 0.0537109375 0.0361328125
0 0.11572265625 0.01123046875 0.0927734375 0.0244140625
0 0.96923828125 0.01025390625 0.0595703125 0.0224609375
0 0.49462890625 0.00439453125 0.0185546875 0.0107421875
0 0.9375 0.00244140625 0.00390625 0.0068359375
0 0.63916015625 0.00146484375 0.0205078125 0.0048828125
