0 0.01025390625 0.0556640625 0.0185546875 0.10546875
0 0.07373046875 0.07666015625 0.0556640625 0.1357421875
0 0.126953125 0.17529296875 0.046875 0.1474609375
0 0.10498046875 0.2294921875 0.0498046875 0.115234375
0 0.09619140625 0.27392578125 0.0654296875 0.1044921875
0 0.02099609375 0.2431640625 0.0400390625 0.1171875
0 0.07763671875 0.38916015625 0.0556640625 0.1455078125
0 0.01318359375 0.310546875 0.0244140625 0.060546875
0 0.203125 0.3701171875 0.119140625 0.078125
0 0.181640625 0.39111328125 0.095703125 0.1025390625
0 0.09716796875 0.4541015625 0.0478515625 0.115234375
0 0.1630859375 0.53466796875 0.12890625 0.0576171875
0 0.2373046875 0.623046875 0.08203125 0.09765625
0 0.2041015625 0.6826171875 0.07421875 0.115234375
0 0.26806640625 0.689453125 0.1123046875 0.05859375
0 0.2890625 0.64599609375 0.072265625 0.1005859375
0 0.33984375 0.67431640625 0.060546875 0.1279296875
0 0.29296875 0.5380859375 0.048828125 0.1171875
0 0.29931640625 0.52685546875 0.1162109375 0.0556640625
0 0.3330078125 0.51220703125 0.08203125 0.0771484375
0 0.38134765625 0.55419921875 0.0556640625 0.1044921875
0 0.3828125 0.57763671875 0.09375 0.0712890625
0 0.4248046875 0.56982421875 0.068359375 0.0888671875
0 0.4609375 0.6201171875 0.060546875 0.119140625
0 0.46484375 0.66552734375 0.09375 0.1005859375
0 0.43017578125 0.65625 0.0673828125 0.076171875
0 0.42529296875 0.67529296875 0.0947265625 0.0693359375
0 0.478515625 0.74365234375 0.107421875 0.0869140625
0 0.45361328125 0.755859375 0.0927734375 0.09765625
0 0.43798828125 0.77099609375 0.0712890625 0.1005859375
0 0.29443359375 0.76123046875 0.0595703125 0.1240234375
0 0.29052734375 0.740234375 0.1142578125 0.083984375
0 0.34912109375 0.81396484375 0.0771484375 0.1083984375
0 0.3466796875 0.84375 0.076171875 0.134765625
0 0.34765625 0.81298828125 0.080078125 0.0947265625
0 0.392578125 0.86669921875 0.068359375 0.0888671875
0 0.44677734375 0.92822265625 0.0810546875 0.0966796875
0 0.4892578125 0.91455078125 0.1015625 0.0771484375
0 0.52880859375 0.84130859375 0.0986328125 0.0478515625
0 0.5771484375 0.84033203125 0.103515625 0.1083984375
0 0.5703125 0.90869140625 0.10546875 0.0458984375
0 0.61474609375 0.900390625 0.0673828125 0.119140625
0 0.646484375 0.81201171875 0.09375 0.1025390625
0 0.73291015625 0.86376953125 0.1083984375 0.1083984375
0 0.77880859375 0.8603515625 0.1025390625 0.08984375
0 0.8193359375 0.95947265625 0.125 0.0556640625
0 0.85693359375 0.86279296875 0.1396484375 0.0419921875
0 0.9072265625 0.84521484375 0.125 0.0908203125
0 0.91845703125 0.8505859375 0.1044921875 0.0546875
0 0.58642578125 0.67431640625 0.0751953125 0.1201171875
0 0.578125 0.6220703125 0.09765625 0.07421875
0 0.623046875 0.5498046875 0.078125 0.095703125
0 0.68505859375 0.59130859375 0.0712890625 0.0615234375
0 0.64794921875 0.671875 0.1259765625 0.064453125
0 0.7138671875 0.7080078125 0.083984375 0.10546875
0 0.59423828125 0.67529296875 0.0849609375 0.1083984375
0 0.5341796875 0.62255859375 0.091796875 0.0888671875
0 0.515625 0.615234375 0.060546875 0.109375
0 0.5263671875 0.4580078125 0.0859375 0.107421875
0 0.421875 0.44775390625 0.12109375 0.0791015625
0 0.5556640625 0.4443359375 0.11328125 0.041015625
0 0.7578125 0.54443359375 0.1171875 0.0576171875
0 0.79833984375 0.57275390625 0.1318359375 0.0927734375
0 0.91748046875 0.552734375 0.1083984375 0.0859375
0 0.9453125 0.5068359375 0.099609375 0.0625
0 0.79052734375 0.4775390625 0.1220703125 0.0625
0 0.8212890625 0.4287109375 0.109375 0.06640625
0 0.77099609375 0.3857421875 0.1240234375 0.05078125
0 0.75244140625 0.32861328125 0.1396484375 0.0400390625
0 0.626953125 0.31591796875 0.126953125 0.0712890625
0 0.26025390625 0.2900390625 0.0732421875 0.087890625
0 0.27978515625 0.29638671875 0.1181640625 0.0615234375
0 0.33984375 0.30908203125 0.10546875 0.0576171875
0 0.33056640625 0.21142578125 0.0654296875 0.1259765625
0 0.38671875 0.2763671875 0.09765625 0.10546875
0 0.45556640625 0.20947265625 0.0732421875 0.1181640625
0 0.48388671875 0.18994140625 0.1357421875 0.0732421875
0 0.4912109375 0.16552734375 0.119140625 0.1337890625
0 0.4248046875 0.0537109375 0.06640625 0.107421875
0 0.48974609375 0.09375 0.0810546875 0.107421875
0 0.34423828125 0.0673828125 0.0791015625 0.111328125
0 0.3876953125 0.1162109375 0.091796875 0.1015625
0 0.26513671875 0.05419921875 0.0693359375 0.0966796875
0 0.2900390625 0.0341796875 0.04296875 0.0703125
0 0.2978515625 0.02490234375 0.025390625 0.0322265625
0 0.533203125 0.02294921875 0.04296875 0.0439453125
0 0.6220703125 0.046875 0.103515625 0.07421875
0 0.640625 0.17138671875 0.09765625 0.1083984375
0 0.63037109375 0.23583984375 0.1064453125 0.0751953125
0 0.66796875 0.27294921875 0.09765625 0.0634765625
0 0.75439453125 0.21826171875 0.1416015625 0.0302734375
0 0.81298828125 0.03564453125 0.1259765625 0.0673828125
0 0.94091796875 0.0615234375 0.0849609375 0.10546875
0 0.96875 0.14306640625 0.060546875 0.0986328125
0 0.87646484375 0.00830078125 0.0380859375 0.0185546875
0 0.8515625 0.6806403324007988 0.099609375 0.0664537101984024
0 0.87548828125 0.6689215824007988 0.1123046875 0.054734960198402405
0 0.95947265625 0.7153083011507988 0.0791015625 0.036180272698402405
0 0.87939453125 0.7343512699007988 0.1201171875 0.037156835198402405
