0 0.90478515625 0.98193359375 0.0791015625 0.0341796875
0 0.3681640625 0.99609375 0.029296875 0.005859375
0 0.529296875 0.99462890625 0.0390625 0.0087890625
0 0.18115234375 0.99462890625 0.0126953125 0.0087890625
0 0.40673828125 0.99365234375 0.0595703125 0.0107421875
0 0.08740234375 0.97900390625 0.0791015625 0.0263671875
0 0.232421875 0.98583984375 0.01171875 0.0126953125
0 0.3486328125 0.98388671875 0.076171875 0.0166015625
0 0.33837890625 0.98974609375 0.0048828125 0.0048828125
0 0.2685546875 0.97265625 0.080078125 0.033203125
0 0.34228515625 0.98583984375 0.0048828125 0.0048828125
0 0.5859375 0.97998046875 0.048828125 0.0166015625
0 0.5556640625 0.98046875 0.025390625 0.01171875
0 0.86865234375 0.982421875 0.0068359375 0.0078125
0 0.126953125 0.98046875 0.0078125 0.0078125
0 0.4814453125 0.9775390625 0.025390625 0.013671875
0 0.9580078125 0.97021484375 0.017578125 0.0224609375
0 0.3818359375 0.97607421875 0.009765625 0.0048828125
0 0.3203125 0.96630859375 0.013671875 0.0185546875
0 0.1865234375 0.97216796875 0.005859375 0.0048828125
0 0.61669921875 0.96923828125 0.0107421875 0.0107421875
0 0.09912109375 0.955078125 0.0341796875 0.03125
0 0.18896484375 0.96728515625 0.0068359375 0.0068359375
0 0.1572265625 0.95703125 0.052734375 0.025390625
0 0.51806640625 0.9560546875 0.0341796875 0.025390625
0 0.88671875 0.9580078125 0.06640625 0.01953125
0 0.92529296875 0.96533203125 0.0166015625 0.0048828125
0 0.9365234375 0.9541015625 0.029296875 0.01171875
0 0.302734375 0.95361328125 0.01953125 0.0087890625
0 0.21533203125 0.94677734375 0.0263671875 0.0185546875
0 0.3564453125 0.95166015625 0.009765625 0.0087890625
0 0.42822265625 0.951171875 0.0146484375 0.0078125
0 0.25146484375 0.9501953125 0.0263671875 0.005859375
0 0.76953125 0.947265625 0.0078125 0.01171875
0 0.962890625 0.94580078125 0.025390625 0.0146484375
0 0.07421875 0.94580078125 0.0078125 0.0126953125
0 0.3876953125 0.9404296875 0.044921875 0.017578125
0 0.56396484375 0.939453125 0.0166015625 0.01171875
0 0.98779296875 0.94140625 0.0048828125 0.005859375
0 0.7880859375 0.9375 0.009765625 0.005859375
0 0.931640625 0.9345703125 0.0078125 0.01171875
0 0.890625 0.9296875 0.01953125 0.017578125
0 0.193359375 0.9326171875 0.015625 0.009765625
0 0.3193359375 0.927734375 0.052734375 0.01953125
0 0.75146484375 0.9326171875 0.0068359375 0.0078125
0 0.06298828125 0.93212890625 0.0048828125 0.0068359375
0 0.51220703125 0.92236328125 0.0869140625 0.0263671875
0 0.0 0.9248046875 0.001953125 0.013671875
0 0.76904296875 0.923828125 0.0087890625 0.005859375
0 0.93505859375 0.923828125 0.0048828125 0.005859375
0 0.935546875 0.9130859375 0.068359375 0.01953125
0 0.326171875 0.916015625 0.0078125 0.009765625
0 0.779296875 0.91650390625 0.0078125 0.0087890625
0 0.890625 0.9150390625 0.009765625 0.005859375
0 0.837890625 0.90966796875 0.05078125 0.0107421875
0 0.189453125 0.9033203125 0.041015625 0.021484375
0 0.302734375 0.88232421875 0.05859375 0.0634765625
0 0.79541015625 0.9091796875 0.0126953125 0.005859375
0 0.4111328125 0.892578125 0.060546875 0.029296875
0 0.95166015625 0.90087890625 0.0048828125 0.0068359375
0 0.96240234375 0.90087890625 0.0107421875 0.0068359375
0 0.796875 0.90087890625 0.009765625 0.0048828125
0 0.9462890625 0.8994140625 0.005859375 0.0078125
0 0.57958984375 0.88525390625 0.0771484375 0.0341796875
0 0.80810546875 0.89990234375 0.0107421875 0.0048828125
0 0.82763671875 0.89892578125 0.0263671875 0.0048828125
0 0.86328125 0.89794921875 0.01171875 0.0068359375
0 0.265625 0.89697265625 0.013671875 0.0048828125
0 0.736328125 0.89013671875 0.091796875 0.0146484375
0 0.796875 0.89501953125 0.0078125 0.0048828125
0 0.8779296875 0.89404296875 0.01953125 0.0068359375
0 0.53955078125 0.89306640625 0.0185546875 0.0048828125
0 0.83203125 0.892578125 0.01953125 0.005859375
0 0.97265625 0.88916015625 0.01171875 0.0087890625
0 0.91845703125 0.88232421875 0.0205078125 0.0166015625
0 0.99462890625 0.8818359375 0.0087890625 0.009765625
0 0.5693359375 0.88134765625 0.005859375 0.0048828125
0 0.17041015625 0.87646484375 0.0517578125 0.0126953125
0 0.330078125 0.85693359375 0.09375 0.0478515625
0 0.84033203125 0.87548828125 0.0185546875 0.0087890625
0 0.61474609375 0.87451171875 0.0068359375 0.0048828125
0 0.4560546875 0.8623046875 0.04296875 0.0234375
0 0.0537109375 0.8642578125 0.064453125 0.013671875
0 0.728515625 0.86181640625 0.05859375 0.0166015625
0 0.5810546875 0.86376953125 0.0234375 0.0107421875
0 0.60595703125 0.8623046875 0.0126953125 0.01171875
0 0.5380859375 0.85546875 0.06640625 0.0234375
0 0.00927734375 0.85595703125 0.0205078125 0.0146484375
0 0.3994140625 0.85009765625 0.033203125 0.0146484375
0 0.65576171875 0.826171875 0.1123046875 0.0546875
0 0.65966796875 0.84912109375 0.0205078125 0.0087890625
0 0.029296875 0.849609375 0.0078125 0.005859375
0 0.42578125 0.84130859375 0.01953125 0.0107421875
0 0.5654296875 0.8427734375 0.009765625 0.005859375
0 0.498046875 0.83984375 0.009765625 0.005859375
0 0.72802734375 0.81982421875 0.0576171875 0.0419921875
0 0.63330078125 0.83740234375 0.0068359375 0.0048828125
0 0.16064453125 0.83251953125 0.0166015625 0.0107421875
0 0.1328125 0.8330078125 0.03515625 0.0078125
0 0.5439453125 0.8330078125 0.009765625 0.005859375
0 0.51220703125 0.828125 0.0166015625 0.005859375
0 0.0732421875 0.82470703125 0.048828125 0.0107421875
0 0.1416015625 0.8203125 0.080078125 0.01953125
0 0.228515625 0.81982421875 0.072265625 0.0205078125
0 0.001953125 0.82080078125 0.005859375 0.0087890625
0 0.75 0.79541015625 0.109375 0.0517578125
0 0.0361328125 0.81494140625 0.015625 0.0087890625
0 0.63623046875 0.81298828125 0.0185546875 0.0087890625
0 0.90673828125 0.7978515625 0.0634765625 0.0390625
0 0.1328125 0.81103515625 0.01953125 0.0048828125
0 0.94970703125 0.76904296875 0.0615234375 0.0888671875
0 0.05419921875 0.80517578125 0.0107421875 0.0107421875
0 0.9462890625 0.80224609375 0.013671875 0.0107421875
0 0.359375 0.7939453125 0.0625 0.021484375
0 0.3876953125 0.79833984375 0.005859375 0.0048828125
0 0.9716796875 0.77783203125 0.0546875 0.0458984375
0 0.40869140625 0.78369140625 0.0224609375 0.0068359375
0 0.3798828125 0.77783203125 0.017578125 0.0146484375
0 0.3427734375 0.77734375 0.01171875 0.005859375
0 0.7724609375 0.76904296875 0.076171875 0.0185546875
0 0.35693359375 0.76904296875 0.0126953125 0.0087890625
0 0.91162109375 0.77001953125 0.0126953125 0.0048828125
0 0.11865234375 0.76416015625 0.0576171875 0.0126953125
0 0.060546875 0.76611328125 0.0078125 0.0048828125
0 0.41015625 0.7587890625 0.037109375 0.017578125
0 0.91796875 0.7626953125 0.0078125 0.009765625
0 0.984375 0.74951171875 0.029296875 0.0322265625
0 0.04248046875 0.759765625 0.0107421875 0.005859375
0 0.0810546875 0.75634765625 0.05859375 0.0087890625
0 0.478515625 0.74755859375 0.046875 0.0224609375
0 0.740234375 0.75390625 0.013671875 0.0078125
0 0.15185546875 0.7392578125 0.0791015625 0.033203125
0 0.66796875 0.75 0.021484375 0.01171875
0 0.02880859375 0.74658203125 0.0146484375 0.0126953125
0 0.49755859375 0.75 0.0126953125 0.005859375
0 0.93359375 0.7392578125 0.015625 0.017578125
0 0.4072265625 0.74072265625 0.017578125 0.0126953125
0 0.51171875 0.740234375 0.01953125 0.0078125
0 0.96240234375 0.73779296875 0.0068359375 0.0107421875
0 0.43603515625 0.73828125 0.0380859375 0.005859375
0 0.04833984375 0.7255859375 0.0654296875 0.01953125
0 0.22119140625 0.73095703125 0.0087890625 0.0048828125
0 0.962890625 0.72802734375 0.005859375 0.0087890625
0 0.44873046875 0.72802734375 0.0185546875 0.0068359375
0 0.0771484375 0.72802734375 0.009765625 0.0048828125
0 0.25537109375 0.71630859375 0.0732421875 0.0263671875
0 0.416015625 0.72412109375 0.015625 0.0068359375
0 0.94921875 0.7216796875 0.0078125 0.0078125
0 0.97509765625 0.71142578125 0.0185546875 0.0224609375
0 0.99658203125 0.716796875 0.0048828125 0.005859375
0 0.0966796875 0.71240234375 0.0078125 0.0107421875
0 0.1015625 0.69580078125 0.029296875 0.0380859375
0 0.03662109375 0.70361328125 0.0224609375 0.0068359375
0 0.07958984375 0.70166015625 0.0107421875 0.0068359375
0 0.21484375 0.69287109375 0.0703125 0.0146484375
0 0.7412109375 0.6875 0.064453125 0.021484375
0 0.00146484375 0.6943359375 0.0048828125 0.005859375
0 0.54296875 0.6923828125 0.00390625 0.005859375
0 0.5390625 0.6904296875 0.005859375 0.0078125
0 0.98681640625 0.6513671875 0.0244140625 0.08203125
0 0.0654296875 0.68896484375 0.0234375 0.0048828125
0 0.1708984375 0.6875 0.01171875 0.0078125
0 0.1142578125 0.67724609375 0.072265625 0.0244140625
0 0.52783203125 0.68017578125 0.0048828125 0.0107421875
0 0.68212890625 0.6796875 0.0166015625 0.005859375
0 0.951171875 0.6376953125 0.0390625 0.087890625
0 0.06787109375 0.67578125 0.0146484375 0.005859375
0 0.7138671875 0.6474609375 0.044921875 0.056640625
0 0.80810546875 0.66943359375 0.0048828125 0.0068359375
0 0.896484375 0.65087890625 0.0625 0.0302734375
0 0.54833984375 0.6513671875 0.0908203125 0.02734375
0 0.1298828125 0.658203125 0.005859375 0.0078125
0 0.68603515625 0.65771484375 0.0126953125 0.0087890625
0 0.4443359375 0.65234375 0.01171875 0.015625
0 0.5859375 0.6572265625 0.015625 0.005859375
0 0.85498046875 0.64111328125 0.0654296875 0.0322265625
0 0.50830078125 0.6337890625 0.0966796875 0.0234375
0 0.60888671875 0.638671875 0.0400390625 0.0078125
0 0.130859375 0.63623046875 0.00390625 0.0087890625
0 0.07080078125 0.63525390625 0.0068359375 0.0087890625
0 0.02392578125 0.634765625 0.0185546875 0.005859375
0 0.8857421875 0.63427734375 0.0078125 0.0068359375
0 0.921875 0.63330078125 0.0078125 0.0048828125
0 0.029296875 0.625 0.060546875 0.017578125
0 0.84814453125 0.6240234375 0.0419921875 0.017578125
0 0.28271484375 0.6279296875 0.0068359375 0.0078125
0 0.94189453125 0.61181640625 0.0419921875 0.0361328125
0 0.65185546875 0.623046875 0.0029296875 0.0078125
0 0.27880859375 0.60595703125 0.0908203125 0.0361328125
0 0.84130859375 0.61767578125 0.0048828125 0.0126953125
0 0.40087890625 0.6201171875 0.0048828125 0.005859375
0 0.373046875 0.61962890625 0.013671875 0.0048828125
0 0.091796875 0.61328125 0.0546875 0.013671875
0 0.33447265625 0.61572265625 0.0634765625 0.0068359375
0 0.37451171875 0.6123046875 0.0107421875 0.005859375
0 0.11376953125 0.61181640625 0.0087890625 0.0048828125
0 0.5224609375 0.59716796875 0.064453125 0.0341796875
0 0.9833984375 0.60205078125 0.013671875 0.0224609375
0 0.03173828125 0.59912109375 0.0654296875 0.0263671875
0 0.69580078125 0.60205078125 0.0673828125 0.0205078125
0 0.88525390625 0.59130859375 0.0830078125 0.0419921875
0 0.34765625 0.60693359375 0.0390625 0.0087890625
0 0.447265625 0.60107421875 0.0703125 0.0146484375
0 0.9267578125 0.599609375 0.005859375 0.01171875
0 0.68701171875 0.59228515625 0.0400390625 0.0224609375
0 0.13623046875 0.59814453125 0.0205078125 0.0087890625
0 0.10888671875 0.5947265625 0.0146484375 0.005859375
0 0.08056640625 0.59228515625 0.0302734375 0.0068359375
0 0.39111328125 0.5869140625 0.0693359375 0.01171875
0 0.97900390625 0.58251953125 0.0263671875 0.0205078125
0 0.5 0.5869140625 0.0234375 0.009765625
0 0.9912109375 0.58544921875 0.005859375 0.0087890625
0 0.8388671875 0.53369140625 0.095703125 0.1083984375
0 0.42138671875 0.58056640625 0.0087890625 0.0048828125
0 0.71826171875 0.576171875 0.0205078125 0.013671875
0 0.20361328125 0.5478515625 0.0439453125 0.064453125
0 0.78564453125 0.576171875 0.0048828125 0.0078125
0 0.99609375 0.5478515625 0.005859375 0.064453125
0 0.35791015625 0.57470703125 0.0087890625 0.0048828125
0 0.4052734375 0.5732421875 0.015625 0.0078125
0 0.43408203125 0.57373046875 0.0107421875 0.0068359375
0 0.99609375 0.5478515625 0.005859375 0.04296875
0 0.7275390625 0.54736328125 0.021484375 0.0341796875
0 0.24072265625 0.52880859375 0.0400390625 0.0595703125
0 0.66943359375 0.55029296875 0.0654296875 0.0166015625
0 0.03662109375 0.54736328125 0.0107421875 0.0185546875
0 0.48291015625 0.552734375 0.0126953125 0.0078125
0 0.93896484375 0.544921875 0.0146484375 0.0234375
0 0.1806640625 0.54443359375 0.01171875 0.0146484375
0 0.51513671875 0.53564453125 0.0380859375 0.0205078125
0 0.38720703125 0.52587890625 0.1025390625 0.0263671875
0 0.65234375 0.53125 0.005859375 0.005859375
0 0.81591796875 0.52978515625 0.0087890625 0.0087890625
0 0.9521484375 0.51171875 0.01171875 0.044921875
0 0.36474609375 0.5263671875 0.0126953125 0.005859375
0 0.8388671875 0.51123046875 0.03515625 0.0361328125
0 0.6953125 0.5205078125 0.076171875 0.013671875
0 0.52783203125 0.5234375 0.0068359375 0.005859375
0 0.5439453125 0.5185546875 0.005859375 0.009765625
0 0.5126953125 0.5166015625 0.013671875 0.01171875
0 0.599609375 0.5185546875 0.01171875 0.005859375
0 0.025390625 0.4970703125 0.052734375 0.046875
0 0.17041015625 0.5166015625 0.0205078125 0.005859375
0 0.7490234375 0.5166015625 0.009765625 0.005859375
0 0.35986328125 0.515625 0.0048828125 0.005859375
0 0.80615234375 0.505859375 0.0166015625 0.0234375
0 0.642578125 0.5107421875 0.015625 0.0078125
0 0.97998046875 0.50732421875 0.0068359375 0.0048828125
0 0.0576171875 0.5029296875 0.013671875 0.009765625
0 0.998046875 0.4892578125 0.001953125 0.03125
0 0.15380859375 0.498046875 0.0068359375 0.0078125
0 0.89599609375 0.49609375 0.0048828125 0.01171875
0 0.1103515625 0.4951171875 0.0078125 0.005859375
0 0.03955078125 0.49365234375 0.0068359375 0.0048828125
0 0.61962890625 0.4599609375 0.1396484375 0.064453125
0 0.87939453125 0.4892578125 0.0087890625 0.005859375
0 0.83056640625 0.4853515625 0.0146484375 0.01171875
0 0.0146484375 0.47900390625 0.03125 0.0205078125
0 0.654296875 0.48291015625 0.021484375 0.0107421875
0 0.87744140625 0.48388671875 0.0087890625 0.0068359375
0 0.53515625 0.482421875 0.005859375 0.0078125
0 0.9775390625 0.48388671875 0.0234375 0.0048828125
0 0.14013671875 0.48046875 0.0107421875 0.009765625
0 0.14453125 0.47119140625 0.044921875 0.0244140625
0 0.9931640625 0.48095703125 0.005859375 0.0048828125
0 0.4287109375 0.47509765625 0.060546875 0.0146484375
0 0.79052734375 0.47802734375 0.0068359375 0.0068359375
0 0.6943359375 0.46728515625 0.05859375 0.0224609375
0 0.90966796875 0.44384765625 0.0556640625 0.0693359375
0 0.83642578125 0.46630859375 0.0068359375 0.0224609375
0 0.4638671875 0.47119140625 0.0078125 0.0048828125
0 0.98681640625 0.44384765625 0.0244140625 0.0576171875
0 0.35888671875 0.45166015625 0.0771484375 0.0380859375
0 0.7294921875 0.46826171875 0.0078125 0.0048828125
0 0.46142578125 0.46533203125 0.0087890625 0.0048828125
0 0.728515625 0.4619140625 0.0078125 0.005859375
0 0.97216796875 0.4560546875 0.0126953125 0.013671875
0 0.06591796875 0.43994140625 0.0810546875 0.0439453125
0 0.17431640625 0.44482421875 0.1005859375 0.0322265625
0 0.68115234375 0.453125 0.0166015625 0.009765625
0 0.82666015625 0.4345703125 0.0595703125 0.046875
0 0.61474609375 0.44677734375 0.0185546875 0.0146484375
0 0.486328125 0.44921875 0.0234375 0.0078125
0 0.4248046875 0.44482421875 0.01953125 0.0068359375
0 0.98681640625 0.41796875 0.0244140625 0.060546875
0 0.8203125 0.44140625 0.005859375 0.0078125
0 0.9072265625 0.40185546875 0.068359375 0.0810546875
0 0.9697265625 0.43701171875 0.009765625 0.0107421875
0 0.5986328125 0.41943359375 0.09375 0.0380859375
0 0.31298828125 0.4345703125 0.0087890625 0.005859375
0 0.6875 0.412109375 0.09375 0.048828125
0 0.63330078125 0.42822265625 0.0126953125 0.0087890625
0 0.064453125 0.42626953125 0.005859375 0.0048828125
0 0.70263671875 0.42431640625 0.0068359375 0.0087890625
0 0.8603515625 0.4013671875 0.064453125 0.048828125
0 0.22119140625 0.42138671875 0.0146484375 0.0048828125
0 0.7880859375 0.41748046875 0.005859375 0.0068359375
0 0.958984375 0.416015625 0.015625 0.009765625
0 0.23828125 0.41552734375 0.03125 0.0087890625
0 0.04931640625 0.4111328125 0.0087890625 0.005859375
0 0.525390625 0.40625 0.009765625 0.01171875
0 0.98388671875 0.390625 0.0302734375 0.037109375
0 0.0078125 0.39697265625 0.017578125 0.0146484375
0 0.6044921875 0.3994140625 0.01171875 0.009765625
0 0.62255859375 0.39404296875 0.0166015625 0.0146484375
0 0.82763671875 0.36865234375 0.0888671875 0.0634765625
0 0.54833984375 0.39013671875 0.0302734375 0.0146484375
0 0.14208984375 0.3818359375 0.0849609375 0.025390625
0 0.66259765625 0.38623046875 0.0380859375 0.0087890625
0 0.8212890625 0.38037109375 0.021484375 0.0126953125
0 0.111328125 0.38330078125 0.015625 0.0048828125
0 0.5908203125 0.38134765625 0.04296875 0.0087890625
0 0.248046875 0.37255859375 0.0859375 0.0205078125
0 0.80126953125 0.341796875 0.1357421875 0.08203125
0 0.955078125 0.3779296875 0.00390625 0.005859375
0 0.7275390625 0.36572265625 0.013671875 0.0185546875
0 0.27197265625 0.36572265625 0.0146484375 0.0068359375
0 0.63037109375 0.3642578125 0.0283203125 0.005859375
0 0.001953125 0.333984375 0.005859375 0.0625
0 0.9130859375 0.3408203125 0.056640625 0.048828125
0 0.66748046875 0.35107421875 0.0419921875 0.0244140625
0 0.23876953125 0.3583984375 0.0205078125 0.005859375
0 0.6083984375 0.35595703125 0.005859375 0.0068359375
0 0.98291015625 0.34912109375 0.0322265625 0.0166015625
0 0.7421875 0.35107421875 0.01171875 0.0087890625
0 0.5986328125 0.3505859375 0.01171875 0.005859375
0 0.9296875 0.30615234375 0.123046875 0.0947265625
0 0.0966796875 0.314453125 0.037109375 0.0703125
0 0.73486328125 0.3466796875 0.0068359375 0.005859375
0 0.29443359375 0.34033203125 0.0869140625 0.0146484375
0 0.755859375 0.34228515625 0.013671875 0.0107421875
0 0.77197265625 0.34033203125 0.0107421875 0.0087890625
0 0.72509765625 0.3369140625 0.0185546875 0.009765625
0 0.861328125 0.33642578125 0.01953125 0.0087890625
0 0.24755859375 0.3330078125 0.0068359375 0.009765625
0 0.1826171875 0.326171875 0.0859375 0.021484375
0 0.87939453125 0.3291015625 0.0146484375 0.013671875
0 0.748046875 0.32568359375 0.0234375 0.0146484375
0 0.18310546875 0.328125 0.0185546875 0.005859375
0 0.662109375 0.31884765625 0.021484375 0.0224609375
0 0.9716796875 0.3251953125 0.013671875 0.009765625
0 0.6962890625 0.3203125 0.044921875 0.01171875
0 0.953125 0.3134765625 0.01171875 0.013671875
0 0.5 0.31591796875 0.00390625 0.0068359375
0 0.7705078125 0.31201171875 0.021484375 0.0146484375
0 0.724609375 0.31494140625 0.0078125 0.0048828125
0 0.6748046875 0.2900390625 0.11328125 0.04296875
0 0.34765625 0.29345703125 0.0703125 0.0322265625
0 0.24462890625 0.3037109375 0.0126953125 0.005859375
0 0.2890625 0.2861328125 0.064453125 0.037109375
0 0.6064453125 0.2978515625 0.009765625 0.0078125
0 0.86572265625 0.29248046875 0.0166015625 0.0107421875
0 0.880859375 0.2841796875 0.017578125 0.017578125
0 0.7705078125 0.28173828125 0.01171875 0.0087890625
0 0.14990234375 0.2705078125 0.0634765625 0.029296875
0 0.130859375 0.27587890625 0.02734375 0.0048828125
0 0.43115234375 0.2578125 0.0556640625 0.041015625
0 0.74462890625 0.26806640625 0.0087890625 0.0048828125
0 0.77392578125 0.26318359375 0.0400390625 0.0146484375
0 0.89990234375 0.26123046875 0.0146484375 0.0166015625
0 0.314453125 0.2646484375 0.009765625 0.005859375
0 0.224609375 0.25439453125 0.017578125 0.0185546875
0 0.98095703125 0.25732421875 0.0107421875 0.0087890625
0 0.76416015625 0.25830078125 0.0185546875 0.0048828125
0 0.96435546875 0.25146484375 0.0087890625 0.0185546875
0 0.74609375 0.224609375 0.14453125 0.068359375
0 0.9296875 0.23828125 0.046875 0.02734375
0 0.951171875 0.248046875 0.0078125 0.0078125
0 0.5087890625 0.244140625 0.083984375 0.01171875
0 0.2412109375 0.24072265625 0.015625 0.0087890625
0 0.3701171875 0.23681640625 0.017578125 0.0166015625
0 0.98095703125 0.2197265625 0.0263671875 0.04296875
0 0.4501953125 0.23583984375 0.009765625 0.0087890625
0 0.8369140625 0.22021484375 0.060546875 0.0302734375
0 0.26025390625 0.22802734375 0.0166015625 0.0126953125
0 0.5703125 0.22509765625 0.01953125 0.0087890625
0 0.71044921875 0.19580078125 0.0205078125 0.0673828125
0 0.513671875 0.22265625 0.0234375 0.009765625
0 0.482421875 0.2197265625 0.0234375 0.013671875
0 0.82958984375 0.22314453125 0.0126953125 0.0048828125
0 0.3916015625 0.22119140625 0.009765625 0.0068359375
0 0.4169921875 0.21337890625 0.07421875 0.0224609375
0 0.00146484375 0.21142578125 0.0048828125 0.0107421875
0 0.19091796875 0.17919921875 0.0693359375 0.0751953125
0 0.515625 0.21142578125 0.00390625 0.0048828125
0 0.06298828125 0.1982421875 0.0322265625 0.02734375
0 0.3447265625 0.20751953125 0.009765625 0.0048828125
0 0.78076171875 0.20703125 0.0107421875 0.005859375
0 0.46240234375 0.205078125 0.0166015625 0.0078125
0 0.7529296875 0.19873046875 0.013671875 0.0205078125
0 0.0078125 0.1806640625 0.017578125 0.052734375
0 0.4296875 0.2021484375 0.01953125 0.0078125
0 0.3720703125 0.19775390625 0.04296875 0.0146484375
0 0.67626953125 0.1826171875 0.0107421875 0.0390625
0 0.732421875 0.19384765625 0.0078125 0.0126953125
0 0.82666015625 0.19580078125 0.0146484375 0.0087890625
0 0.40625 0.1953125 0.0234375 0.0078125
0 0.77392578125 0.1875 0.0224609375 0.01953125
0 0.158203125 0.1865234375 0.015625 0.013671875
0 0.826171875 0.189453125 0.0078125 0.005859375
0 0.02734375 0.1884765625 0.00390625 0.005859375
0 0.84130859375 0.18212890625 0.0224609375 0.0166015625
0 0.72216796875 0.1845703125 0.0068359375 0.009765625
0 0.82177734375 0.18359375 0.0068359375 0.009765625
0 0.80322265625 0.18408203125 0.0068359375 0.0068359375
0 0.03662109375 0.18359375 0.0048828125 0.005859375
0 0.0419921875 0.1796875 0.009765625 0.0078125
0 0.30908203125 0.1611328125 0.0205078125 0.04296875
0 0.7470703125 0.17724609375 0.015625 0.0107421875
0 0.81640625 0.1787109375 0.005859375 0.005859375
0 -0.00048828125 0.17529296875 0.0009765625 0.0107421875
0 0.7978515625 0.17138671875 0.017578125 0.0146484375
0 0.03125 0.1728515625 0.0390625 0.009765625
0 0.0791015625 0.169921875 0.015625 0.01171875
0 0.8583984375 0.17236328125 0.009765625 0.0068359375
0 0.05908203125 0.169921875 0.0146484375 0.005859375
0 0.50927734375 0.16064453125 0.0986328125 0.0224609375
0 0.43310546875 0.16748046875 0.0458984375 0.0068359375
0 0.74267578125 0.16845703125 0.0048828125 0.0048828125
0 0.76416015625 0.166015625 0.0205078125 0.009765625
0 0.75830078125 0.1640625 0.0166015625 0.005859375
0 0.04443359375 0.142578125 0.0634765625 0.044921875
0 0.08251953125 0.1591796875 0.0068359375 0.0078125
0 0.79052734375 0.1455078125 0.0498046875 0.033203125
0 0.0849609375 0.1533203125 0.01171875 0.01171875
0 0.74267578125 0.15185546875 0.0185546875 0.0087890625
0 0.67041015625 0.14404296875 0.0068359375 0.0185546875
0 0.0498046875 0.12060546875 0.05859375 0.0634765625
0 0.34619140625 0.14990234375 0.0166015625 0.0048828125
0 0.76904296875 0.1337890625 0.0185546875 0.017578125
0 0.11181640625 0.1318359375 0.0224609375 0.017578125
0 -0.0009765625 0.1357421875 0.0 0.005859375
0 0.3330078125 0.1328125 0.00390625 0.01171875
0 0.02490234375 0.13525390625 0.0087890625 0.0048828125
0 0.29541015625 0.13037109375 0.0068359375 0.0146484375
0 0.330078125 0.099609375 0.01171875 0.076171875
0 0.41455078125 0.1328125 0.0087890625 0.0078125
0 0.44677734375 0.10009765625 0.0517578125 0.0693359375
0 0.8076171875 0.12744140625 0.01171875 0.0068359375
0 0.48193359375 0.10791015625 0.0595703125 0.0361328125
0 0.6484375 0.1142578125 0.025390625 0.021484375
0 0.71875 0.12255859375 0.009765625 0.0048828125
0 0.07861328125 0.09814453125 0.0400390625 0.0517578125
0 0.603515625 0.11572265625 0.01953125 0.0166015625
0 0.7890625 0.11767578125 0.01953125 0.0126953125
0 0.8232421875 0.1201171875 0.017578125 0.0078125
0 0.50830078125 0.11767578125 0.0107421875 0.0068359375
0 0.57666015625 0.07080078125 0.0380859375 0.0908203125
0 0.36279296875 0.10546875 0.0087890625 0.01953125
0 0.29638671875 0.08984375 0.0087890625 0.048828125
0 0.3837890625 0.0947265625 0.021484375 0.029296875
0 0.01318359375 0.09423828125 0.0068359375 0.0107421875
0 0.96826171875 0.0693359375 0.0615234375 0.052734375
0 0.56005859375 0.0849609375 0.0322265625 0.015625
0 0.36328125 0.08837890625 0.005859375 0.0068359375
0 0.5380859375 0.06201171875 0.021484375 0.0556640625
0 0.0068359375 0.083984375 0.005859375 0.0078125
0 0.13525390625 0.05078125 0.0517578125 0.06640625
0 0.384765625 0.0673828125 0.0546875 0.03125
0 0.599609375 0.078125 0.0078125 0.0078125
0 0.45361328125 0.07763671875 0.0087890625 0.0068359375
0 0.369140625 0.0732421875 0.0078125 0.01171875
0 0.4384765625 0.07080078125 0.009765625 0.0126953125
0 0.16845703125 0.07177734375 0.0048828125 0.0048828125
0 0.64892578125 0.06298828125 0.0185546875 0.0126953125
0 0.791015625 0.064453125 0.04296875 0.009765625
0 0.51708984375 0.06201171875 0.0068359375 0.0126953125
0 0.07666015625 0.03271484375 0.0712890625 0.0673828125
0 0.29931640625 0.05712890625 0.0048828125 0.0146484375
0 0.7646484375 0.05908203125 0.009765625 0.0087890625
0 0.33935546875 0.046875 0.0380859375 0.02734375
0 0.37744140625 0.05078125 0.0205078125 0.01171875
0 0.3173828125 0.044921875 0.005859375 0.01171875
0 0.296875 0.0419921875 0.0078125 0.013671875
0 0.36181640625 0.04248046875 0.0107421875 0.0126953125
0 0.8291015625 0.0458984375 0.013671875 0.005859375
0 0.39599609375 0.0439453125 0.0087890625 0.005859375
0 0.978515625 0.02294921875 0.041015625 0.0478515625
0 0.8134765625 0.0361328125 0.015625 0.01171875
0 0.26220703125 0.0185546875 0.0205078125 0.0390625
0 0.27880859375 0.03466796875 0.0068359375 0.0068359375
0 0.67138671875 0.0185546875 0.0888671875 0.0390625
0 0.72802734375 0.0263671875 0.0205078125 0.015625
0 0.13525390625 0.01953125 0.0087890625 0.02734375
0 0.63623046875 0.01611328125 0.0576171875 0.0341796875
0 0.48828125 0.02099609375 0.013671875 0.0185546875
0 0.2314453125 0.02294921875 0.005859375 0.0048828125
0 0.740234375 0.01220703125 0.005859375 0.0263671875
0 0.23193359375 0.015625 0.0146484375 0.013671875
0 0.02685546875 0.0146484375 0.0087890625 0.01171875
0 0.75732421875 0.0068359375 0.0048828125 0.005859375
0 0.00927734375 0.00390625 0.0205078125 0.009765625
0 0.0302734375 0.00341796875 0.013671875 0.0087890625
0 0.3115234375 0.00390625 0.0078125 0.0078125
0 0.41748046875 0.00341796875 0.0185546875 0.0087890625
0 0.48388671875 0.001953125 0.0107421875 0.005859375
0 0.669921875 0.001953125 0.015625 0.005859375
0 0.23095703125 0.00146484375 0.0361328125 0.0048828125
