0 0.86572265625 0.0185546875 0.0166015625 0.0234375
0 0.2587890625 0.09423828125 0.0546875 0.1357421875
0 0.88671875 0.09033203125 0.041015625 0.1220703125
0 0.92236328125 0.04931640625 0.0810546875 0.0380859375
0 0.84326171875 0.06787109375 0.0302734375 0.0673828125
0 0.0263671875 0.140625 0.052734375 0.162109375
0 0.48193359375 0.126953125 0.0498046875 0.1328125
0 0.3662109375 0.09716796875 0.015625 0.0673828125
0 0.57666015625 0.12646484375 0.0556640625 0.1181640625
0 0.671875 0.14111328125 0.0234375 0.1357421875
0 0.80712890625 0.13525390625 0.0205078125 0.1162109375
0 0.93017578125 0.1181640625 0.0283203125 0.0703125
0 0.865234375 0.13134765625 0.056640625 0.0751953125
0 0.30517578125 0.16943359375 0.0322265625 0.1396484375
0 0.439453125 0.17724609375 0.021484375 0.1259765625
0 0.3515625 0.15380859375 0.029296875 0.0576171875
0 0.30859375 0.1591796875 0.015625 0.06640625
0 0.9619140625 0.16748046875 0.03515625 0.0771484375
0 0.39697265625 0.1953125 0.0380859375 0.1015625
0 0.71875 0.20556640625 0.02734375 0.0947265625
0 0.93505859375 0.21533203125 0.0771484375 0.0986328125
0 0.49853515625 0.22802734375 0.0673828125 0.1220703125
0 0.62548828125 0.22998046875 0.0224609375 0.1064453125
0 0.533203125 0.20751953125 0.01953125 0.0498046875
0 0.22216796875 0.2236328125 0.0205078125 0.06640625
0 0.27099609375 0.2353515625 0.0205078125 0.0859375
0 0.49755859375 0.24755859375 0.0498046875 0.0556640625
0 0.3662109375 0.26318359375 0.04296875 0.0830078125
0 0.78076171875 0.27490234375 0.0517578125 0.1044921875
0 0.5595703125 0.2734375 0.048828125 0.08203125
0 0.12548828125 0.2734375 0.0205078125 0.056640625
0 0.25146484375 0.318359375 0.0595703125 0.111328125
0 0.89794921875 0.33642578125 0.0205078125 0.1396484375
0 0.1533203125 0.31005859375 0.033203125 0.0791015625
0 0.97314453125 0.3251953125 0.0517578125 0.103515625
0 0.2568359375 0.310546875 0.02734375 0.0703125
0 0.017578125 0.3154296875 0.037109375 0.05078125
0 0.62255859375 0.35302734375 0.0380859375 0.1240234375
0 0.94970703125 0.34326171875 0.0400390625 0.0927734375
0 0.14501953125 0.33251953125 0.0302734375 0.0537109375
0 0.58251953125 0.3583984375 0.0380859375 0.095703125
0 0.45458984375 0.36572265625 0.0361328125 0.0908203125
0 0.49072265625 0.36181640625 0.0205078125 0.0791015625
0 0.21240234375 0.35986328125 0.0380859375 0.0732421875
0 0.970703125 0.36474609375 0.02734375 0.0810546875
0 0.67919921875 0.3955078125 0.0439453125 0.125
0 0.68310546875 0.39697265625 0.0205078125 0.0712890625
0 0.30615234375 0.4248046875 0.0517578125 0.12109375
0 0.529296875 0.421875 0.021484375 0.107421875
0 0.0390625 0.42919921875 0.080078125 0.1201171875
0 0.12451171875 0.42919921875 0.0712890625 0.1025390625
0 0.09130859375 0.44384765625 0.0732421875 0.1162109375
0 0.92919921875 0.45263671875 0.0322265625 0.0908203125
0 0.974609375 0.47412109375 0.048828125 0.1201171875
0 0.5537109375 0.46630859375 0.025390625 0.0966796875
0 0.58447265625 0.48193359375 0.0361328125 0.1162109375
0 0.8056640625 0.47705078125 0.05078125 0.0556640625
0 0.3759765625 0.51708984375 0.029296875 0.1162109375
0 0.91650390625 0.52001953125 0.0673828125 0.1025390625
0 0.7880859375 0.51953125 0.060546875 0.095703125
0 0.54931640625 0.541015625 0.0595703125 0.111328125
0 0.0517578125 0.53857421875 0.021484375 0.0986328125
0 0.4013671875 0.53662109375 0.01953125 0.0693359375
0 0.64892578125 0.578125 0.0341796875 0.134765625
0 0.2265625 0.55810546875 0.017578125 0.0810546875
0 0.18603515625 0.5810546875 0.0263671875 0.125
0 0.8779296875 0.59716796875 0.0234375 0.0947265625
0 0.82861328125 0.59912109375 0.0185546875 0.0927734375
0 0.11328125 0.6005859375 0.015625 0.0859375
0 0.21240234375 0.6015625 0.0224609375 0.060546875
0 0.783203125 0.62744140625 0.078125 0.1025390625
0 0.037109375 0.646484375 0.064453125 0.123046875
0 0.23583984375 0.671875 0.0341796875 0.134765625
0 0.39892578125 0.66064453125 0.0751953125 0.0791015625
0 0.11181640625 0.65380859375 0.0771484375 0.0634765625
0 0.56103515625 0.71044921875 0.0302734375 0.1298828125
0 0.28515625 0.7021484375 0.041015625 0.083984375
0 0.7001953125 0.72314453125 0.0390625 0.0791015625
0 0.16845703125 0.70849609375 0.0986328125 0.0419921875
0 0.73486328125 0.7587890625 0.0478515625 0.111328125
0 0.083984375 0.76318359375 0.0625 0.0986328125
0 0.79052734375 0.763671875 0.0537109375 0.083984375
0 0.2724609375 0.7607421875 0.046875 0.0703125
0 0.4970703125 0.78759765625 0.087890625 0.1220703125
0 0.427734375 0.78466796875 0.0546875 0.0830078125
0 0.62451171875 0.8095703125 0.0322265625 0.115234375
0 0.171875 0.8427734375 0.06640625 0.107421875
0 0.19287109375 0.81640625 0.0400390625 0.052734375
0 0.26220703125 0.86376953125 0.0810546875 0.1220703125
0 0.140625 0.87744140625 0.06640625 0.0673828125
0 0.70263671875 0.89892578125 0.0732421875 0.1064453125
0 0.9853515625 0.94140625 0.02734375 0.10546875
0 0.16943359375 0.95361328125 0.0654296875 0.0908203125
0 0.69287109375 0.95556640625 0.0927734375 0.0693359375
0 0.3193359375 0.95263671875 0.033203125 0.0537109375
0 0.2802734375 0.95263671875 0.04296875 0.0478515625
0 0.8759765625 0.962890625 0.03125 0.046875
0 0.89990234375 0.97216796875 0.0341796875 0.0537109375
0 0.0869140625 0.14794921875 0.0625 0.1474609375
0 0.0771484375 0.1865234375 0.1484375 0.0859375
0 0.81689453125 0.275390625 0.0361328125 0.1171875
0 0.974609375 0.5380859375 0.048828125 0.125
0 0.97216796875 0.642578125 0.0419921875 0.0859375
0 0.82470703125 0.7099609375 0.0517578125 0.095703125
0 0.8271484375 0.5634765625 0.05078125 0.119140625
0 0.74462890625 0.45458984375 0.0517578125 0.1572265625
0 0.75341796875 0.36083984375 0.0888671875 0.1103515625
0 0.74267578125 0.30078125 0.0400390625 0.142578125
0 0.85791015625 0.64501953125 0.0517578125 0.1025390625
0 0.90185546875 0.71240234375 0.0498046875 0.1396484375
0 0.91259765625 0.73876953125 0.0927734375 0.0830078125
0 0.67822265625 0.6640625 0.0498046875 0.138671875
0 0.66259765625 0.71875 0.0634765625 0.0859375
0 0.58203125 0.68994140625 0.076171875 0.0908203125
0 0.4453125 0.5849609375 0.05859375 0.1015625
0 0.482421875 0.69091796875 0.087890625 0.1494140625
0 0.48046875 0.47216796875 0.05078125 0.1220703125
0 0.47802734375 0.56591796875 0.0634765625 0.1259765625
0 0.45458984375 0.47314453125 0.0322265625 0.1044921875
0 0.4052734375 0.30615234375 0.052734375 0.1357421875
0 0.455078125 0.2978515625 0.052734375 0.12109375
0 0.4384765625 0.03662109375 0.048828125 0.0712890625
0 0.47314453125 0.03271484375 0.0283203125 0.0673828125
0 0.51025390625 0.0322265625 0.0263671875 0.0625
0 0.54443359375 0.04345703125 0.0361328125 0.0888671875
0 0.8818359375 0.88818359375 0.080078125 0.1025390625
0 0.81396484375 0.94140625 0.0966796875 0.1015625
0 0.9697265625 0.96728515625 0.033203125 0.0556640625
0 0.341796875 0.85791015625 0.083984375 0.1455078125
0 0.37060546875 0.822265625 0.0810546875 0.09765625
0 0.38916015625 0.92333984375 0.0791015625 0.1044921875
0 0.37939453125 0.85009765625 0.0322265625 0.0595703125
0 0.47705078125 0.97900390625 0.0322265625 0.0341796875
0 0.638671875 0.978515625 0.05859375 0.03125
0 0.2265625 0.97998046875 0.04296875 0.0322265625
0 0.3515625 0.97314453125 0.0390625 0.0439453125
0 0.3115234375 0.97021484375 0.02734375 0.0439453125
0 0.20263671875 0.451171875 0.0537109375 0.111328125
0 0.734375 0.04638671875 0.041015625 0.0927734375
0 0.7216796875 0.0419921875 0.048828125 0.08203125
0 0.3681640625 0.03369140625 0.037109375 0.0634765625
0 0.23193359375 0.01708984375 0.0263671875 0.0322265625
0 0.189453125 0.013671875 0.033203125 0.0234375
0 0.52978515625 0.9169921875 0.1005859375 0.091796875
0 0.54345703125 0.93603515625 0.0927734375 0.0986328125
0 0.58642578125 0.88525390625 0.0771484375 0.1083984375
0 0.57275390625 0.916015625 0.0361328125 0.119140625
0 0.0537109375 0.28271484375 0.02734375 0.0771484375
0 0.056640625 0.353515625 0.046875 0.083984375
0 0.966796875 0.13037109375 0.0546875 0.0693359375
0 0.275390625 0.583984375 0.0546875 0.142578125
0 0.31005859375 0.66650390625 0.0673828125 0.1240234375
0 0.3330078125 0.64794921875 0.08203125 0.1123046875
0 0.68212890625 0.94873046875 0.0439453125 0.0732421875
0 0.7890625 0.0235595703125 0.03125 0.042724609375
0 0.681640625 0.0347900390625 0.0390625 0.059326171875
0 0.25439453125 0.1182861328125 0.0517578125 0.077880859375
