0 0.07958984375 0.0107421875 0.0888671875 0.0234375
0 0.10888671875 0.08203125 0.1201171875 0.166015625
0 0.505859375 0.005859375 0.076171875 0.013671875
0 0.37060546875 0.00244140625 0.0224609375 0.0068359375
0 0.00537109375 0.0458984375 0.0126953125 0.09375
0 0.7236328125 0.0205078125 0.021484375 0.04296875
0 0.224609375 0.03173828125 0.03515625 0.0654296875
0 0.28759765625 0.01806640625 0.0458984375 0.0380859375
0 0.51220703125 0.0283203125 0.0263671875 0.05859375
0 0.6015625 0.01513671875 0.0390625 0.0322265625
0 0.76025390625 0.001953125 0.0126953125 0.005859375
0 0.48095703125 0.01806640625 0.0361328125 0.0380859375
0 0.02490234375 0.0390625 0.0283203125 0.080078125
0 0.275390625 0.00927734375 0.0078125 0.0205078125
0 0.98779296875 0.017578125 0.0166015625 0.037109375
0 0.1591796875 0.01171875 0.017578125 0.025390625
0 0.5439453125 0.02734375 0.015625 0.056640625
0 0.86376953125 0.0126953125 0.0146484375 0.02734375
0 0.76953125 0.0283203125 0.052734375 0.05859375
0 0.798828125 0.00927734375 0.021484375 0.0205078125
0 0.87451171875 0.00341796875 0.0068359375 0.0087890625
0 0.6611328125 0.0087890625 0.01953125 0.01953125
0 0.23046875 0.00732421875 0.005859375 0.0146484375
0 0.06787109375 0.0107421875 0.0205078125 0.01953125
0 0.13623046875 0.0283203125 0.0166015625 0.052734375
0 0.19970703125 0.01171875 0.0068359375 0.005859375
0 0.8896484375 0.0205078125 0.015625 0.021484375
0 0.7041015625 0.021484375 0.0078125 0.0234375
0 0.31494140625 0.02978515625 0.0380859375 0.0400390625
0 0.7529296875 0.01611328125 0.0078125 0.0087890625
0 0.4091796875 0.02197265625 0.013671875 0.0205078125
0 0.8505859375 0.017578125 0.01171875 0.009765625
0 0.4189453125 0.021484375 0.00390625 0.017578125
0 0.19189453125 0.02001953125 0.0048828125 0.0087890625
0 0.57177734375 0.0234375 0.0087890625 0.01171875
0 0.0693359375 0.044921875 0.048828125 0.05078125
0 0.64208984375 0.03125 0.0205078125 0.021484375
0 0.1982421875 0.02587890625 0.005859375 0.0048828125
0 0.99658203125 0.02685546875 0.0048828125 0.0048828125
0 0.8359375 0.0576171875 0.052734375 0.060546875
0 0.9091796875 0.06591796875 0.052734375 0.0732421875
0 0.39013671875 0.0322265625 0.0048828125 0.005859375
0 0.99560546875 0.03271484375 0.0068359375 0.0048828125
0 0.27294921875 0.03515625 0.0068359375 0.009765625
0 0.95458984375 0.0380859375 0.0458984375 0.013671875
0 0.30419921875 0.0380859375 0.0068359375 0.01171875
0 0.19970703125 0.07080078125 0.0849609375 0.0771484375
0 0.423828125 0.03955078125 0.015625 0.0126953125
0 0.310546875 0.07470703125 0.033203125 0.0810546875
0 0.8740234375 0.03759765625 0.005859375 0.0048828125
0 0.97705078125 0.0419921875 0.0068359375 0.0078125
0 0.6962890625 0.0498046875 0.01171875 0.0234375
0 0.59619140625 0.07666015625 0.0302734375 0.0771484375
0 0.14697265625 0.0419921875 0.0048828125 0.0078125
0 0.876953125 0.0498046875 0.009765625 0.021484375
0 0.982421875 0.04345703125 0.005859375 0.0068359375
0 0.38671875 0.060546875 0.01171875 0.0390625
0 0.61474609375 0.04541015625 0.0048828125 0.0068359375
0 0.630859375 0.04736328125 0.0078125 0.0087890625
0 0.20703125 0.0517578125 0.005859375 0.013671875
0 0.70654296875 0.04931640625 0.0068359375 0.0068359375
0 0.2861328125 0.04833984375 0.005859375 0.0048828125
0 0.15673828125 0.04833984375 0.0048828125 0.0048828125
0 0.43359375 0.05126953125 0.0078125 0.0087890625
0 0.12451171875 0.111328125 0.0517578125 0.12109375
0 0.91064453125 0.0546875 0.0107421875 0.005859375
0 0.9482421875 0.0634765625 0.029296875 0.01953125
0 0.73828125 0.06103515625 0.009765625 0.0126953125
0 0.634765625 0.064453125 0.009765625 0.013671875
0 0.443359375 0.0634765625 0.013671875 0.01171875
0 0.54541015625 0.06494140625 0.0048828125 0.0087890625
0 0.419921875 0.07763671875 0.005859375 0.0322265625
0 0.34228515625 0.072265625 0.0107421875 0.021484375
0 0.25927734375 0.072265625 0.0107421875 0.015625
0 0.9794921875 0.07080078125 0.013671875 0.0087890625
0 0.9853515625 0.10107421875 0.02734375 0.0654296875
0 0.86474609375 0.08984375 0.0146484375 0.041015625
0 0.46826171875 0.0732421875 0.0087890625 0.0078125
0 0.1533203125 0.0732421875 0.00390625 0.0078125
0 0.0234375 0.15576171875 0.048828125 0.1708984375
0 0.00634765625 0.0869140625 0.0146484375 0.03125
0 0.72412109375 0.07568359375 0.0068359375 0.0068359375
0 0.37158203125 0.11962890625 0.0283203125 0.0908203125
0 0.48095703125 0.08203125 0.0146484375 0.01171875
0 0.61572265625 0.1064453125 0.0244140625 0.05078125
0 0.83203125 0.09912109375 0.015625 0.0302734375
0 0.99560546875 0.0966796875 0.0068359375 0.0234375
0 0.39794921875 0.107421875 0.0166015625 0.044921875
0 0.35009765625 0.09375 0.0048828125 0.017578125
0 0.49951171875 0.0966796875 0.0166015625 0.015625
0 0.89501953125 0.1025390625 0.0166015625 0.0234375
0 0.275390625 0.0947265625 0.005859375 0.005859375
0 0.9658203125 0.1044921875 0.01171875 0.0234375
0 0.79052734375 0.10009765625 0.0048828125 0.0087890625
0 0.4228515625 0.11181640625 0.0078125 0.0302734375
0 0.16162109375 0.099609375 0.0146484375 0.005859375
0 0.2802734375 0.1064453125 0.00390625 0.009765625
0 0.7529296875 0.10693359375 0.0078125 0.0068359375
0 0.0830078125 0.1123046875 0.005859375 0.0078125
0 0.8154296875 0.11328125 0.00390625 0.005859375
0 0.08935546875 0.11572265625 0.0068359375 0.0087890625
0 0.2578125 0.119140625 0.01171875 0.013671875
0 0.1484375 0.1171875 0.013671875 0.005859375
0 0.328125 0.123046875 0.00390625 0.013671875
0 0.06884765625 0.1474609375 0.0341796875 0.060546875
0 0.58447265625 0.130859375 0.0048828125 0.025390625
0 0.21826171875 0.123046875 0.0341796875 0.009765625
0 0.189453125 0.12158203125 0.021484375 0.0048828125
0 0.244140625 0.12451171875 0.009765625 0.0087890625
0 0.8486328125 0.12646484375 0.005859375 0.0107421875
0 0.8076171875 0.12646484375 0.0078125 0.0087890625
0 0.287109375 0.13232421875 0.005859375 0.0146484375
0 0.4287109375 0.13623046875 0.0078125 0.0166015625
0 0.25 0.13623046875 0.01953125 0.0107421875
0 0.96484375 0.13818359375 0.009765625 0.0087890625
0 0.47607421875 0.14404296875 0.0927734375 0.0166015625
0 0.09765625 0.1435546875 0.005859375 0.013671875
0 0.2099609375 0.16796875 0.05859375 0.052734375
0 0.27099609375 0.15869140625 0.0380859375 0.0322265625
0 0.94775390625 0.15185546875 0.0048828125 0.0087890625
0 0.61669921875 0.15771484375 0.0087890625 0.0048828125
0 0.0146484375 0.17578125 0.03125 0.041015625
0 0.87890625 0.19677734375 0.021484375 0.0810546875
0 0.77490234375 0.16650390625 0.0048828125 0.0166015625
0 0.126953125 0.173828125 0.009765625 0.029296875
0 0.66796875 0.18359375 0.064453125 0.044921875
0 0.90625 0.197265625 0.048828125 0.068359375
0 0.12158203125 0.185546875 0.1025390625 0.044921875
0 0.4091796875 0.16796875 0.005859375 0.005859375
0 0.22119140625 0.173828125 0.0126953125 0.009765625
0 0.39892578125 0.20654296875 0.0458984375 0.0732421875
0 0.09423828125 0.17724609375 0.0068359375 0.0087890625
0 0.46533203125 0.18115234375 0.0380859375 0.0107421875
0 0.29736328125 0.1884765625 0.0205078125 0.025390625
0 0.78076171875 0.1865234375 0.0029296875 0.015625
0 0.0302734375 0.2333984375 0.03515625 0.109375
0 0.990234375 0.18310546875 0.009765625 0.0048828125
0 0.56103515625 0.18359375 0.0048828125 0.005859375
0 0.55517578125 0.18359375 0.0048828125 0.005859375
0 0.958984375 0.1982421875 0.017578125 0.01953125
0 0.21533203125 0.212890625 0.0986328125 0.044921875
0 0.18798828125 0.19580078125 0.0068359375 0.0068359375
0 0.298828125 0.201171875 0.005859375 0.009765625
0 0.32421875 0.2021484375 0.005859375 0.0078125
0 0.55810546875 0.20654296875 0.0068359375 0.0146484375
0 0.78125 0.203125 0.01171875 0.005859375
0 0.119140625 0.20703125 0.017578125 0.005859375
0 0.7470703125 0.2099609375 0.009765625 0.005859375
0 0.294921875 0.2451171875 0.025390625 0.076171875
0 0.787109375 0.216796875 0.01171875 0.013671875
0 0.87841796875 0.22265625 0.0048828125 0.021484375
0 0.2646484375 0.22607421875 0.01171875 0.0224609375
0 0.41943359375 0.248046875 0.0302734375 0.064453125
0 0.9609375 0.26953125 0.037109375 0.103515625
0 0.22900390625 0.22412109375 0.0146484375 0.0126953125
0 0.27978515625 0.224609375 0.0048828125 0.01171875
0 0.61279296875 0.2294921875 0.0068359375 0.01953125
0 0.34228515625 0.228515625 0.0126953125 0.015625
0 0.1474609375 0.22607421875 0.009765625 0.0087890625
0 0.513671875 0.23291015625 0.005859375 0.0205078125
0 0.927734375 0.24658203125 0.015625 0.0166015625
0 0.7275390625 0.24853515625 0.015625 0.0205078125
0 0.32861328125 0.27783203125 0.0126953125 0.0771484375
0 0.443359375 0.2490234375 0.01171875 0.015625
0 0.873046875 0.24853515625 0.001953125 0.0107421875
0 0.86328125 0.25 0.005859375 0.0078125
0 0.19775390625 0.2939453125 0.0439453125 0.095703125
0 0.37841796875 0.2568359375 0.0068359375 0.01953125
0 0.08544921875 0.25390625 0.0068359375 0.01171875
0 0.89892578125 0.25244140625 0.0068359375 0.0048828125
0 0.49658203125 0.25537109375 0.0048828125 0.0087890625
0 0.1259765625 0.2578125 0.021484375 0.013671875
0 0.5927734375 0.259765625 0.0078125 0.0078125
0 0.60595703125 0.2626953125 0.0048828125 0.009765625
0 0.99609375 0.26416015625 0.005859375 0.0087890625
0 0.7080078125 0.2744140625 0.025390625 0.029296875
0 0.669921875 0.26220703125 0.009765625 0.0048828125
0 0.08056640625 0.26611328125 0.0029296875 0.0107421875
0 0.89306640625 0.3134765625 0.0400390625 0.1015625
0 0.45361328125 0.271484375 0.0068359375 0.013671875
0 0.26171875 0.32275390625 0.052734375 0.1123046875
0 0.3818359375 0.2763671875 0.013671875 0.015625
0 0.0419921875 0.2724609375 0.00390625 0.0078125
0 0.51171875 0.2880859375 0.009765625 0.01953125
0 0.283203125 0.302734375 0.015625 0.0390625
0 0.07666015625 0.29052734375 0.0048828125 0.0146484375
0 0.4599609375 0.29150390625 0.005859375 0.0126953125
0 0.7080078125 0.32421875 0.013671875 0.07421875
0 0.6865234375 0.29296875 0.005859375 0.0078125
0 0.68115234375 0.32568359375 0.0087890625 0.0732421875
0 0.83837890625 0.333984375 0.0654296875 0.087890625
0 0.2578125 0.30322265625 0.0078125 0.0244140625
0 0.5224609375 0.30908203125 0.01171875 0.0126953125
0 0.30908203125 0.31005859375 0.0107421875 0.0107421875
0 0.546875 0.30859375 0.0078125 0.005859375
0 0.076171875 0.31201171875 0.005859375 0.0087890625
0 0.5498046875 0.35546875 0.015625 0.078125
0 0.15966796875 0.3193359375 0.0048828125 0.005859375
0 0.09521484375 0.34033203125 0.0107421875 0.0478515625
0 0.07568359375 0.3251953125 0.0087890625 0.015625
0 0.90478515625 0.328125 0.0146484375 0.013671875
0 0.990234375 0.3271484375 0.00390625 0.009765625
0 0.96533203125 0.330078125 0.0068359375 0.005859375
0 0.2109375 0.33056640625 0.0078125 0.0068359375
0 0.7744140625 0.33154296875 0.0078125 0.0048828125
0 0.42724609375 0.33544921875 0.0693359375 0.0107421875
0 0.6591796875 0.345703125 0.0078125 0.025390625
0 0.53759765625 0.34521484375 0.0029296875 0.0205078125
0 0.20556640625 0.35205078125 0.0068359375 0.0341796875
0 0.57421875 0.3701171875 0.009765625 0.0546875
0 0.98974609375 0.3505859375 0.0087890625 0.01171875
0 0.1611328125 0.34912109375 0.0078125 0.0087890625
0 0.36328125 0.353515625 0.013671875 0.009765625
0 0.86962890625 0.353515625 0.0068359375 0.005859375
0 0.47705078125 0.3583984375 0.0283203125 0.015625
0 0.22900390625 0.36328125 0.0068359375 0.025390625
0 0.42578125 0.357421875 0.03515625 0.0078125
0 0.146484375 0.36572265625 0.013671875 0.0244140625
0 0.4560546875 0.35693359375 0.0078125 0.0048828125
0 0.853515625 0.36865234375 0.017578125 0.0244140625
0 0.880859375 0.36181640625 0.0078125 0.0048828125
0 0.2236328125 0.37109375 0.005859375 0.009765625
0 0.2119140625 0.37255859375 0.005859375 0.0126953125
0 0.49951171875 0.39306640625 0.0517578125 0.0498046875
0 0.8251953125 0.3740234375 0.005859375 0.009765625
0 0.68212890625 0.41845703125 0.0361328125 0.0986328125
0 0.20556640625 0.37451171875 0.0068359375 0.0087890625
0 0.779296875 0.37841796875 0.00390625 0.0107421875
0 0.37255859375 0.408203125 0.0087890625 0.0703125
0 0.720703125 0.41015625 0.033203125 0.072265625
0 0.23828125 0.41748046875 0.017578125 0.0810546875
0 0.109375 0.3818359375 0.01171875 0.0078125
0 0.1005859375 0.3837890625 0.00390625 0.005859375
0 0.056640625 0.38720703125 0.072265625 0.0126953125
0 0.2080078125 0.40673828125 0.01171875 0.0478515625
0 0.39599609375 0.40625 0.0087890625 0.0390625
0 0.7783203125 0.39501953125 0.00390625 0.0107421875
0 0.54833984375 0.3984375 0.0068359375 0.013671875
0 0.0205078125 0.40771484375 0.005859375 0.0322265625
0 0.83349609375 0.41357421875 0.0087890625 0.0419921875
0 0.0009765625 0.43505859375 0.00390625 0.0830078125
0 0.54150390625 0.39990234375 0.0048828125 0.0087890625
0 0.3505859375 0.40087890625 0.00390625 0.0087890625
0 0.87353515625 0.4287109375 0.0439453125 0.0546875
0 0.89501953125 0.41064453125 0.0087890625 0.0087890625
0 0.16748046875 0.4111328125 0.0087890625 0.009765625
0 0.56982421875 0.41650390625 0.0087890625 0.0185546875
0 0.86328125 0.4150390625 0.005859375 0.01171875
0 0.443359375 0.45166015625 0.056640625 0.0810546875
0 0.11328125 0.41650390625 0.009765625 0.0087890625
0 0.47265625 0.4228515625 0.00390625 0.01953125
0 0.35009765625 0.4169921875 0.0029296875 0.0078125
0 0.9482421875 0.43359375 0.1015625 0.0390625
0 0.24951171875 0.42041015625 0.0048828125 0.0107421875
0 0.77978515625 0.43359375 0.0751953125 0.029296875
0 0.1552734375 0.4267578125 0.005859375 0.009765625
0 0.0771484375 0.42578125 0.015625 0.0078125
0 0.1875 0.4267578125 0.005859375 0.0078125
0 0.1181640625 0.4267578125 0.00390625 0.0078125
0 0.0185546875 0.4296875 0.01171875 0.01171875
0 0.5498046875 0.4404296875 0.01171875 0.029296875
0 0.3505859375 0.43310546875 0.00390625 0.0146484375
0 0.29638671875 0.43017578125 0.0087890625 0.0087890625
0 0.9228515625 0.43505859375 0.01953125 0.0166015625
0 0.40185546875 0.451171875 0.0126953125 0.044921875
0 0.37939453125 0.4375 0.0048828125 0.009765625
0 0.83251953125 0.44091796875 0.0048828125 0.0107421875
0 0.73681640625 0.43896484375 0.0068359375 0.0048828125
0 0.48681640625 0.44287109375 0.0107421875 0.0126953125
0 0.45849609375 0.45458984375 0.0166015625 0.0361328125
0 0.2607421875 0.439453125 0.00390625 0.005859375
0 0.1181640625 0.4501953125 0.005859375 0.025390625
0 0.50927734375 0.51416015625 0.0751953125 0.1494140625
0 0.64990234375 0.44384765625 0.0048828125 0.0048828125
0 0.5263671875 0.451171875 0.0546875 0.01953125
0 0.25048828125 0.44921875 0.0068359375 0.013671875
0 0.2822265625 0.48681640625 0.029296875 0.0849609375
0 0.84716796875 0.44873046875 0.0087890625 0.0068359375
0 0.2080078125 0.47119140625 0.0234375 0.0498046875
0 0.50048828125 0.45947265625 0.0166015625 0.0244140625
0 0.35302734375 0.4599609375 0.0087890625 0.01953125
0 0.16552734375 0.4560546875 0.0048828125 0.0078125
0 0.83349609375 0.458984375 0.0048828125 0.0078125
0 0.814453125 0.45751953125 0.0078125 0.0048828125
0 0.5771484375 0.458984375 0.009765625 0.0078125
0 0.89013671875 0.46240234375 0.0166015625 0.0126953125
0 0.82666015625 0.45947265625 0.0048828125 0.0068359375
0 0.560546875 0.45849609375 0.0078125 0.0048828125
0 0.529296875 0.46826171875 0.01171875 0.0244140625
0 0.82666015625 0.470703125 0.0478515625 0.025390625
0 0.93310546875 0.4638671875 0.0107421875 0.0078125
0 0.55810546875 0.46484375 0.0107421875 0.009765625
0 0.57275390625 0.46337890625 0.0087890625 0.0048828125
0 0.70654296875 0.46484375 0.0048828125 0.005859375
0 0.69482421875 0.46826171875 0.0029296875 0.0087890625
0 0.595703125 0.47265625 0.03125 0.017578125
0 0.90625 0.49560546875 0.041015625 0.0556640625
0 0.869140625 0.47119140625 0.017578125 0.0068359375
0 0.0537109375 0.4755859375 0.009765625 0.015625
0 0.11328125 0.4931640625 0.013671875 0.048828125
0 -0.00048828125 0.4736328125 0.0009765625 0.0078125
0 0.58251953125 0.484375 0.0107421875 0.021484375
0 0.24658203125 0.48779296875 0.0595703125 0.0185546875
0 0.01904296875 0.4892578125 0.0087890625 0.01953125
0 0.98486328125 0.484375 0.0087890625 0.0078125
0 0.81201171875 0.484375 0.0107421875 0.0078125
0 0.0009765625 0.48974609375 0.00390625 0.0185546875
0 0.53662109375 0.48486328125 0.0107421875 0.0068359375
0 0.46923828125 0.4853515625 0.0087890625 0.0078125
0 0.623046875 0.48828125 0.021484375 0.01171875
0 0.05224609375 0.49560546875 0.0068359375 0.0224609375
0 0.97412109375 0.513671875 0.0400390625 0.05078125
0 0.9970703125 0.51953125 0.00390625 0.060546875
0 0.53369140625 0.4990234375 0.0126953125 0.015625
0 0.7138671875 0.51416015625 0.017578125 0.0419921875
0 0.94482421875 0.4970703125 0.0068359375 0.005859375
0 0.1259765625 0.49755859375 0.00390625 0.0068359375
0 0.62451171875 0.5 0.0068359375 0.0078125
0 0.724609375 0.50341796875 0.0078125 0.0126953125
0 0.2099609375 0.49951171875 0.01171875 0.0048828125
0 0.22509765625 0.501953125 0.0048828125 0.0078125
0 0.94677734375 0.50341796875 0.0107421875 0.0087890625
0 0.65625 0.50341796875 0.009765625 0.0068359375
0 0.3359375 0.50634765625 0.005859375 0.0087890625
0 0.03271484375 0.53759765625 0.0322265625 0.0693359375
0 0.91357421875 0.51953125 0.0537109375 0.03125
0 0.43310546875 0.509765625 0.0068359375 0.009765625
0 0.24609375 0.51318359375 0.005859375 0.0146484375
0 0.23583984375 0.509765625 0.0068359375 0.0078125
0 0.49365234375 0.5126953125 0.0087890625 0.01171875
0 0.22900390625 0.51220703125 0.0087890625 0.0107421875
0 0.74267578125 0.51953125 0.0146484375 0.0234375
0 0.68017578125 0.51220703125 0.0087890625 0.0068359375
0 0.6708984375 0.51220703125 0.00390625 0.0068359375
0 0.13330078125 0.5126953125 0.0048828125 0.0078125
0 0.9501953125 0.513671875 0.005859375 0.005859375
0 0.5107421875 0.51416015625 0.005859375 0.0068359375
0 0.30029296875 0.51611328125 0.0048828125 0.0068359375
0 0.05908203125 0.5361328125 0.0087890625 0.046875
0 0.68212890625 0.51904296875 0.0185546875 0.0107421875
0 0.6240234375 0.51611328125 0.015625 0.0048828125
0 0.0087890625 0.52001953125 0.005859375 0.0107421875
0 0.05029296875 0.5185546875 0.0048828125 0.005859375
0 0.6650390625 0.51904296875 0.00390625 0.0048828125
0 0.00341796875 0.5224609375 0.0068359375 0.009765625
0 0.1376953125 0.52099609375 0.005859375 0.0048828125
0 0.2177734375 0.55078125 0.02734375 0.0625
0 0.97509765625 0.52294921875 0.0068359375 0.0048828125
0 0.9951171875 0.525390625 0.0078125 0.0078125
0 0.31982421875 0.525390625 0.0107421875 0.0078125
0 0.998046875 0.52880859375 0.001953125 0.0126953125
0 0.67724609375 0.55859375 0.0595703125 0.072265625
0 0.45166015625 0.533203125 0.0419921875 0.021484375
0 0.25146484375 0.5302734375 0.0107421875 0.015625
0 0.88134765625 0.52783203125 0.0068359375 0.0068359375
0 0.17626953125 0.53076171875 0.0087890625 0.0126953125
0 0.146484375 0.5283203125 0.005859375 0.0078125
0 0.54052734375 0.529296875 0.0048828125 0.0078125
0 0.8857421875 0.5302734375 0.005859375 0.0078125
0 0.3388671875 0.529296875 0.00390625 0.005859375
0 0.013671875 0.54638671875 0.015625 0.0380859375
0 0.9384765625 0.53076171875 0.009765625 0.0048828125
0 0.14111328125 0.5322265625 0.0087890625 0.0078125
0 0.73681640625 0.5341796875 0.0029296875 0.0078125
0 0.29150390625 0.5732421875 0.0126953125 0.0859375
0 0.77294921875 0.53857421875 0.0087890625 0.0126953125
0 0.93994140625 0.5361328125 0.0126953125 0.005859375
0 0.86669921875 0.5419921875 0.0166015625 0.015625
0 0.78173828125 0.57177734375 0.0400390625 0.0732421875
0 0.61083984375 0.5615234375 0.0537109375 0.052734375
0 0.97265625 0.53857421875 0.021484375 0.0048828125
0 0.998046875 0.5400390625 0.001953125 0.005859375
0 0.34228515625 0.54150390625 0.0048828125 0.0068359375
0 0.9443359375 0.55224609375 0.021484375 0.0263671875
0 0.71875 0.55126953125 0.017578125 0.0244140625
0 0.732421875 0.54443359375 0.005859375 0.0087890625
0 0.56005859375 0.5654296875 0.0400390625 0.05078125
0 0.40966796875 0.5537109375 0.0419921875 0.021484375
0 0.47119140625 0.54833984375 0.0146484375 0.0087890625
0 0.99267578125 0.568359375 0.0126953125 0.046875
0 0.990234375 0.548828125 0.00390625 0.0078125
0 0.88232421875 0.5517578125 0.0107421875 0.0078125
0 0.3427734375 0.552734375 0.009765625 0.009765625
0 0.98291015625 0.5673828125 0.0107421875 0.029296875
0 0.47021484375 0.5634765625 0.0068359375 0.01953125
0 0.447265625 0.55908203125 0.005859375 0.0068359375
0 0.3828125 0.560546875 0.013671875 0.005859375
0 0.1474609375 0.60009765625 0.068359375 0.0849609375
0 0.365234375 0.57958984375 0.0390625 0.0380859375
0 0.810546875 0.572265625 0.013671875 0.021484375
0 0.2666015625 0.5654296875 0.005859375 0.0078125
0 0.90576171875 0.56591796875 0.0146484375 0.0068359375
0 0.740234375 0.56982421875 0.013671875 0.0146484375
0 0.3837890625 0.56640625 0.01171875 0.005859375
0 0.06494140625 0.56787109375 0.0048828125 0.0087890625
0 0.0576171875 0.56787109375 0.005859375 0.0087890625
0 0.7080078125 0.57080078125 0.01953125 0.0126953125
0 0.92822265625 0.5712890625 0.0107421875 0.009765625
0 0.1962890625 0.57177734375 0.01171875 0.0107421875
0 0.01904296875 0.57861328125 0.0068359375 0.0244140625
0 0.52099609375 0.6337890625 0.0712890625 0.1328125
0 0.94482421875 0.5751953125 0.0126953125 0.01171875
0 0.96240234375 0.576171875 0.0146484375 0.009765625
0 0.83740234375 0.578125 0.0048828125 0.0078125
0 0.4716796875 0.5849609375 0.0078125 0.021484375
0 0.05224609375 0.5849609375 0.0146484375 0.013671875
0 0.1982421875 0.58251953125 0.0078125 0.0048828125
0 0.8203125 0.5947265625 0.01171875 0.01953125
0 0.96337890625 0.60986328125 0.0224609375 0.0439453125
0 0.74951171875 0.60009765625 0.0107421875 0.0224609375
0 0.994140625 0.59326171875 0.005859375 0.0068359375
0 0.9765625 0.59716796875 0.0078125 0.0126953125
0 0.5888671875 0.59912109375 0.017578125 0.0166015625
0 0.5283203125 0.60595703125 0.0078125 0.0302734375
0 0.67431640625 0.6025390625 0.0126953125 0.01171875
0 0.4169921875 0.6005859375 0.0078125 0.0078125
0 0.63525390625 0.61376953125 0.0302734375 0.0322265625
0 0.3896484375 0.60205078125 0.0078125 0.0068359375
0 0.34716796875 0.609375 0.0107421875 0.021484375
0 0.07470703125 0.6044921875 0.0048828125 0.01171875
0 0.38525390625 0.60595703125 0.0087890625 0.0107421875
0 0.1220703125 0.60791015625 0.005859375 0.0146484375
0 0.21337890625 0.61474609375 0.0185546875 0.0224609375
0 0.01025390625 0.60986328125 0.0087890625 0.0126953125
0 0.97705078125 0.61962890625 0.0185546875 0.0302734375
0 0.70556640625 0.65771484375 0.0458984375 0.1064453125
0 0.5634765625 0.60986328125 0.0078125 0.0087890625
0 0.44287109375 0.609375 0.0185546875 0.0078125
0 0.29541015625 0.609375 0.0068359375 0.0078125
0 0.47802734375 0.61181640625 0.0048828125 0.0107421875
0 0.83349609375 0.62451171875 0.0166015625 0.0322265625
0 0.80615234375 0.61474609375 0.0087890625 0.0126953125
0 0.6630859375 0.61181640625 0.005859375 0.0068359375
0 0.41796875 0.61328125 0.005859375 0.005859375
0 0.97119140625 0.62060546875 0.0087890625 0.0166015625
0 0.75732421875 0.6162109375 0.0048828125 0.0078125
0 0.3896484375 0.6220703125 0.015625 0.01953125
0 0.3076171875 0.650390625 0.017578125 0.076171875
0 0.07373046875 0.61962890625 0.0068359375 0.0126953125
0 0.12548828125 0.619140625 0.0107421875 0.009765625
0 0.42138671875 0.625 0.0107421875 0.013671875
0 0.81396484375 0.62890625 0.0048828125 0.01171875
0 0.7646484375 0.63037109375 0.005859375 0.0126953125
0 0.14990234375 0.6279296875 0.0029296875 0.0078125
0 0.474609375 0.63525390625 0.009765625 0.0185546875
0 0.3466796875 0.630859375 0.00390625 0.0078125
0 0.2294921875 0.63916015625 0.01171875 0.0244140625
0 0.1435546875 0.6337890625 0.0078125 0.013671875
0 0.53076171875 0.638671875 0.0068359375 0.009765625
0 0.0673828125 0.6396484375 0.00390625 0.009765625
0 0.92578125 0.6396484375 0.009765625 0.0078125
0 0.951171875 0.6484375 0.005859375 0.0234375
0 0.7578125 0.64453125 0.0078125 0.013671875
0 0.6650390625 0.6455078125 0.013671875 0.013671875
0 0.34765625 0.65234375 0.01171875 0.021484375
0 0.20458984375 0.646484375 0.0048828125 0.005859375
0 0.54931640625 0.65234375 0.0166015625 0.01171875
0 0.6162109375 0.65087890625 0.009765625 0.0068359375
0 0.84521484375 0.69677734375 0.0478515625 0.0966796875
0 0.751953125 0.65185546875 0.005859375 0.0068359375
0 0.1904296875 0.6630859375 0.017578125 0.02734375
0 0.14892578125 0.68359375 0.0166015625 0.068359375
0 0.43798828125 0.6943359375 0.0224609375 0.08203125
0 0.74560546875 0.671875 0.0166015625 0.029296875
0 0.58837890625 0.66552734375 0.0595703125 0.0166015625
0 0.240234375 0.6640625 0.01171875 0.01171875
0 0.68310546875 0.662109375 0.0087890625 0.005859375
0 0.55615234375 0.6650390625 0.0068359375 0.0078125
0 0.32275390625 0.6689453125 0.0029296875 0.01171875
0 0.99609375 0.67041015625 0.005859375 0.0107421875
0 0.99169921875 0.71044921875 0.0146484375 0.0849609375
0 0.072265625 0.673828125 0.0078125 0.01171875
0 0.046875 0.67626953125 0.017578125 0.0126953125
0 0.9130859375 0.67333984375 0.01171875 0.0048828125
0 0.123046875 0.67626953125 0.0078125 0.0107421875
0 0.67333984375 0.67919921875 0.0087890625 0.0146484375
0 0.93896484375 0.6787109375 0.0107421875 0.009765625
0 0.60986328125 0.6767578125 0.0126953125 0.005859375
0 0.1904296875 0.67822265625 0.00390625 0.0087890625
0 0.1689453125 0.705078125 0.013671875 0.060546875
0 0.0068359375 0.720703125 0.015625 0.091796875
0 0.2080078125 0.69921875 0.021484375 0.04296875
0 0.5771484375 0.72412109375 0.0234375 0.0908203125
0 0.3271484375 0.693359375 0.013671875 0.017578125
0 0.4052734375 0.6923828125 0.015625 0.009765625
0 0.61572265625 0.69384765625 0.0068359375 0.0068359375
0 0.732421875 0.703125 0.009765625 0.0234375
0 0.634765625 0.69677734375 0.025390625 0.0107421875
0 0.2900390625 0.69580078125 0.00390625 0.0087890625
0 0.58056640625 0.69775390625 0.0146484375 0.0107421875
0 0.974609375 0.697265625 0.005859375 0.005859375
0 0.29931640625 0.70556640625 0.0068359375 0.0224609375
0 0.2119140625 0.6982421875 0.005859375 0.0078125
0 0.1181640625 0.70458984375 0.015625 0.0185546875
0 0.08203125 0.70068359375 0.0078125 0.0107421875
0 0.17626953125 0.70166015625 0.0048828125 0.0048828125
0 0.92236328125 0.7080078125 0.0126953125 0.015625
0 0.23876953125 0.7060546875 0.0048828125 0.0078125
0 0.861328125 0.70947265625 0.01171875 0.0126953125
0 0.66015625 0.70654296875 0.0078125 0.0068359375
0 0.6337890625 0.7099609375 0.00390625 0.005859375
0 0.458984375 0.7109375 0.009765625 0.0078125
0 0.08447265625 0.71435546875 0.0048828125 0.0146484375
0 0.0859375 0.744140625 0.060546875 0.06640625
0 0.20849609375 0.71826171875 0.0068359375 0.0107421875
0 0.865234375 0.7421875 0.0078125 0.0546875
0 0.30419921875 0.7216796875 0.0068359375 0.0078125
0 0.1435546875 0.724609375 0.01171875 0.01171875
0 0.697265625 0.72265625 0.005859375 0.005859375
0 0.41357421875 0.7236328125 0.0068359375 0.0078125
0 0.91552734375 0.724609375 0.0048828125 0.0078125
0 0.46728515625 0.72900390625 0.0048828125 0.0146484375
0 0.6005859375 0.7265625 0.00390625 0.0078125
0 0.34228515625 0.73193359375 0.0126953125 0.0146484375
0 0.0888671875 0.7314453125 0.01171875 0.009765625
0 0.22900390625 0.74560546875 0.0107421875 0.0361328125
0 0.703125 0.7685546875 0.02734375 0.0703125
0 0.31591796875 0.74951171875 0.0126953125 0.0283203125
0 0.904296875 0.74951171875 0.017578125 0.0224609375
0 0.41796875 0.7490234375 0.009765625 0.01953125
0 0.80859375 0.75634765625 0.1015625 0.0322265625
0 0.67919921875 0.74462890625 0.0029296875 0.0087890625
0 0.47216796875 0.7509765625 0.0087890625 0.017578125
0 0.3583984375 0.74462890625 0.0078125 0.0048828125
0 0.5205078125 0.7890625 0.0234375 0.08984375
0 0.04443359375 0.7529296875 0.0068359375 0.013671875
0 0.70703125 0.75146484375 0.005859375 0.0068359375
0 0.611328125 0.755859375 0.009765625 0.013671875
0 0.2373046875 0.75537109375 0.005859375 0.0107421875
0 0.0244140625 0.7578125 0.01171875 0.015625
0 0.59130859375 0.7587890625 0.0068359375 0.013671875
0 0.20458984375 0.75634765625 0.0048828125 0.0068359375
0 0.9716796875 0.75732421875 0.00390625 0.0068359375
0 0.892578125 0.763671875 0.005859375 0.005859375
0 0.5859375 0.7744140625 0.05859375 0.02734375
0 0.3369140625 0.7734375 0.015625 0.015625
0 0.3203125 0.7724609375 0.005859375 0.013671875
0 0.3271484375 0.7734375 0.005859375 0.01171875
0 0.62158203125 0.771484375 0.0068359375 0.005859375
0 0.2587890625 0.77734375 0.009765625 0.017578125
0 0.876953125 0.775390625 0.005859375 0.005859375
0 0.02978515625 0.77734375 0.0048828125 0.005859375
0 0.6279296875 0.78076171875 0.01171875 0.0107421875
0 0.2119140625 0.7802734375 0.0078125 0.0078125
0 0.98291015625 0.7861328125 0.0146484375 0.0078125
0 0.60693359375 0.78955078125 0.0068359375 0.0107421875
0 0.55029296875 0.78955078125 0.0107421875 0.0107421875
0 0.00927734375 0.7890625 0.0087890625 0.0078125
0 0.5703125 0.81103515625 0.009765625 0.0498046875
0 0.05322265625 0.82080078125 0.0263671875 0.0654296875
0 0.31982421875 0.8134765625 0.0166015625 0.04296875
0 0.38134765625 0.82861328125 0.0732421875 0.0595703125
0 0.03076171875 0.80908203125 0.0087890625 0.0166015625
0 0.359375 0.8505859375 0.041015625 0.072265625
0 0.57861328125 0.830078125 0.0068359375 0.01171875
0 0.509765625 0.82861328125 0.005859375 0.0087890625
0 0.53857421875 0.82763671875 0.0068359375 0.0048828125
0 0.63037109375 0.87744140625 0.0712890625 0.0947265625
0 0.60986328125 0.8388671875 0.0068359375 0.0078125
0 0.97314453125 0.84326171875 0.0107421875 0.0126953125
0 0.90576171875 0.83984375 0.0048828125 0.005859375
0 0.57470703125 0.8486328125 0.0048828125 0.005859375
0 0.61474609375 0.85791015625 0.0087890625 0.0224609375
0 0.3193359375 0.853515625 0.005859375 0.009765625
0 0.29541015625 0.8525390625 0.0068359375 0.0078125
0 0.57177734375 0.8544921875 0.0048828125 0.0078125
0 0.84716796875 0.8701171875 0.1064453125 0.03515625
0 0.541015625 0.8603515625 0.009765625 0.013671875
0 0.2841796875 0.86376953125 0.0078125 0.0107421875
0 0.3369140625 0.86962890625 0.0234375 0.0185546875
0 0.310546875 0.86328125 0.005859375 0.005859375
0 0.57177734375 0.8720703125 0.0107421875 0.01953125
0 0.91259765625 0.869140625 0.0068359375 0.005859375
0 0.98779296875 0.91357421875 0.0224609375 0.0849609375
0 0.44677734375 0.87451171875 0.0068359375 0.0068359375
0 0.8759765625 0.875 0.01953125 0.005859375
0 0.44189453125 0.8798828125 0.0048828125 0.005859375
0 0.4580078125 0.91748046875 0.01953125 0.0791015625
0 0.2060546875 0.90234375 0.107421875 0.03125
0 0.81689453125 0.89306640625 0.0107421875 0.0048828125
0 0.134765625 0.89501953125 0.025390625 0.0068359375
0 0.08251953125 0.90087890625 0.0673828125 0.0166015625
0 0.04150390625 0.90380859375 0.0146484375 0.0048828125
0 0.333984375 0.908203125 0.009765625 0.01171875
0 0.4111328125 0.9140625 0.013671875 0.01953125
0 0.04150390625 0.91015625 0.0107421875 0.005859375
0 0.12548828125 0.9208984375 0.0068359375 0.01953125
0 0.1201171875 0.919921875 0.0078125 0.005859375
0 0.072265625 0.923828125 0.041015625 0.009765625
0 0.76123046875 0.94580078125 0.0087890625 0.0498046875
0 0.47998046875 0.9287109375 0.0029296875 0.015625
0 0.02001953125 0.9619140625 0.0126953125 0.07421875
0 0.333984375 0.93505859375 0.00390625 0.0185546875
0 0.3935546875 0.931640625 0.0078125 0.009765625
0 0.78955078125 0.935546875 0.0126953125 0.013671875
0 0.15869140625 0.962890625 0.0654296875 0.06640625
0 0.63134765625 0.93603515625 0.0107421875 0.0048828125
0 0.822265625 0.95947265625 0.056640625 0.0439453125
0 0.2763671875 0.94580078125 0.01171875 0.0107421875
0 0.4716796875 0.94970703125 0.0078125 0.0146484375
0 0.81591796875 0.9716796875 0.0673828125 0.0546875
0 0.404296875 0.94921875 0.00390625 0.009765625
0 0.2529296875 0.94970703125 0.0078125 0.0068359375
0 0.13037109375 0.962890625 0.0048828125 0.03125
0 0.18310546875 0.953125 0.0048828125 0.005859375
0 0.9951171875 0.958984375 0.0078125 0.013671875
0 0.6513671875 0.95751953125 0.01171875 0.0107421875
0 0.26806640625 0.96630859375 0.0458984375 0.0283203125
0 0.5419921875 0.96142578125 0.0078125 0.0146484375
0 0.41064453125 0.95849609375 0.0048828125 0.0068359375
0 0.404296875 0.95947265625 0.005859375 0.0087890625
0 0.375 0.97705078125 0.068359375 0.0439453125
0 0.3291015625 0.96044921875 0.005859375 0.0107421875
0 0.3271484375 0.97412109375 0.015625 0.0361328125
0 0.70751953125 0.96484375 0.0205078125 0.015625
0 0.48388671875 0.96533203125 0.0087890625 0.0126953125
0 0.22216796875 0.9638671875 0.0068359375 0.0078125
0 0.21484375 0.96484375 0.005859375 0.005859375
0 0.6796875 0.9697265625 0.04296875 0.01171875
0 0.50244140625 0.9833984375 0.0732421875 0.03125
0 0.43359375 0.97119140625 0.005859375 0.0068359375
0 0.7412109375 0.98486328125 0.044921875 0.0283203125
0 0.76708984375 0.97705078125 0.0048828125 0.0107421875
0 0.2978515625 0.98193359375 0.0078125 0.0048828125
0 0.2509765625 0.984375 0.0078125 0.009765625
0 0.02490234375 0.9833984375 0.0087890625 0.0078125
0 0.12939453125 0.9873046875 0.0126953125 0.013671875
0 0.77197265625 0.9873046875 0.0048828125 0.0078125
0 -0.00048828125 0.98583984375 0.0009765625 0.0048828125
0 0.76708984375 0.9892578125 0.0048828125 0.0078125
0 0.353515625 0.9912109375 0.009765625 0.005859375
0 0.58203125 0.994140625 0.056640625 0.009765625
0 0.30322265625 0.9951171875 0.0205078125 0.0078125
0 0.06982421875 0.9951171875 0.0048828125 0.0078125
0 0.4091796875 0.99560546875 0.0078125 0.0068359375
0 0.3330078125 0.99560546875 0.00390625 0.0048828125
0 0.00048828125 0.99658203125 0.0029296875 0.0048828125
