0 0.52587890625 0.99560546875 0.0439453125 0.0068359375
0 0.04248046875 0.99560546875 0.0576171875 0.0068359375
0 0.9638671875 0.95703125 0.068359375 0.06640625
0 0.04638671875 0.982421875 0.0556640625 0.0078125
0 0.0 0.97607421875 0.001953125 0.0087890625
0 0.064453125 0.96728515625 0.033203125 0.0087890625
0 0.42529296875 0.94091796875 0.0576171875 0.0517578125
0 0.76025390625 0.900390625 0.0185546875 0.11328125
0 0.3603515625 0.9375 0.02734375 0.037109375
0 0.3017578125 0.90576171875 0.0234375 0.0869140625
0 0.396484375 0.92529296875 0.013671875 0.0146484375
0 0.24853515625 0.904296875 0.0380859375 0.0546875
0 0.31982421875 0.921875 0.0146484375 0.01953125
0 0.81591796875 0.87109375 0.0458984375 0.08984375
0 0.3505859375 0.88916015625 0.015625 0.0224609375
0 0.7822265625 0.8740234375 0.0234375 0.041015625
0 0.7529296875 0.86865234375 0.0078125 0.0341796875
0 0.25244140625 0.86328125 0.0751953125 0.025390625
0 0.1904296875 0.85693359375 0.013671875 0.0224609375
0 0.80126953125 0.8349609375 0.0126953125 0.05078125
0 0.00244140625 0.81640625 0.0068359375 0.08203125
0 0.99169921875 0.78759765625 0.0146484375 0.0908203125
0 0.40283203125 0.78271484375 0.0517578125 0.0654296875
0 0.9765625 0.77001953125 0.044921875 0.0751953125
0 0.14990234375 0.79931640625 0.0693359375 0.0146484375
0 0.3837890625 0.75634765625 0.056640625 0.0869140625
0 0.19287109375 0.7861328125 0.0458984375 0.017578125
0 0.392578125 0.7783203125 0.017578125 0.017578125
0 0.3603515625 0.74853515625 0.05078125 0.0732421875
0 0.16748046875 0.76953125 0.0517578125 0.017578125
0 0.08447265625 0.771484375 0.0185546875 0.0078125
0 0.9599609375 0.75390625 0.0234375 0.04296875
0 0.931640625 0.7431640625 0.013671875 0.021484375
0 0.943359375 0.70703125 0.015625 0.048828125
0 0.0576171875 0.66796875 0.1171875 0.01953125
0 0.04638671875 0.658203125 0.0537109375 0.009765625
0 0.4990234375 0.32958984375 1.0 0.6611328125
0 0.4736328125 0.6240234375 0.0390625 0.05078125
0 0.44287109375 0.6103515625 0.0517578125 0.072265625
0 0.486328125 0.6337890625 0.013671875 0.013671875
0 0.29931640625 0.60302734375 0.0595703125 0.0380859375
0 0.50927734375 0.60888671875 0.0126953125 0.0185546875
0 0.9892578125 0.5537109375 0.01953125 0.0546875
0 0.54541015625 0.51611328125 0.0732421875 0.0810546875
0 0.0537109375 0.53369140625 0.03125 0.0341796875
0 0.15087890625 0.52685546875 0.0732421875 0.0263671875
0 0.50927734375 0.49560546875 0.0634765625 0.0791015625
0 0.9873046875 0.48193359375 0.0234375 0.0595703125
0 0.083984375 0.50537109375 0.01953125 0.0107421875
0 0.89111328125 0.5 0.0439453125 0.01171875
0 0.08447265625 0.48193359375 0.0205078125 0.0322265625
0 0.9755859375 0.46533203125 0.046875 0.0556640625
0 0.74267578125 0.43359375 0.0732421875 0.078125
0 0.9326171875 0.4501953125 0.068359375 0.033203125
0 0.7080078125 0.4228515625 0.0703125 0.056640625
0 0.185546875 0.41748046875 0.02734375 0.0458984375
0 0.24365234375 0.4140625 0.0654296875 0.02734375
0 0.896484375 0.41943359375 0.02734375 0.0146484375
0 0.05517578125 0.408203125 0.0185546875 0.01953125
0 0.24267578125 0.39453125 0.0205078125 0.033203125
0 0.69580078125 0.373046875 0.0361328125 0.060546875
0 0.1865234375 0.3935546875 0.017578125 0.013671875
0 0.888671875 0.349609375 0.099609375 0.091796875
0 0.2587890625 0.33349609375 0.201171875 0.1201171875
0 0.0576171875 0.2138671875 0.1171875 0.353515625
0 0.294921875 0.365234375 0.01953125 0.03125
0 0.330078125 0.33544921875 0.033203125 0.0869140625
0 0.64306640625 0.3505859375 0.0185546875 0.0390625
0 0.875 0.32080078125 0.076171875 0.0888671875
0 0.16259765625 0.35107421875 0.0166015625 0.0205078125
0 0.95263671875 0.3134765625 0.0478515625 0.037109375
0 0.97314453125 0.31494140625 0.0302734375 0.0341796875
0 0.662109375 0.3173828125 0.021484375 0.0234375
0 0.5869140625 0.1728515625 0.462890625 0.302734375
0 0.98486328125 0.29736328125 0.0283203125 0.0458984375
0 0.42578125 0.2890625 0.029296875 0.0546875
0 0.26708984375 0.29248046875 0.0185546875 0.0205078125
0 0.97265625 0.27978515625 0.052734375 0.0439453125
0 0.4921875 0.2587890625 0.06640625 0.068359375
0 0.3984375 0.27392578125 0.017578125 0.0205078125
0 0.37451171875 0.234375 0.0166015625 0.017578125
0 0.56103515625 0.22216796875 0.0224609375 0.0400390625
0 0.857421875 0.19921875 0.080078125 0.056640625
0 0.29833984375 0.20458984375 0.0322265625 0.0185546875
0 0.8330078125 0.19287109375 0.033203125 0.0302734375
0 0.4794921875 0.17529296875 0.017578125 0.0205078125
0 0.86669921875 0.17041015625 0.0361328125 0.0185546875
0 0.6669921875 0.16015625 0.01953125 0.033203125
0 0.611328125 0.154296875 0.017578125 0.01953125
0 0.71923828125 0.130859375 0.0205078125 0.03515625
0 0.587890625 0.11572265625 0.01953125 0.0205078125
0 0.77294921875 0.1015625 0.0224609375 0.03515625
0 0.85986328125 0.05859375 0.1044921875 0.06640625
0 0.3408203125 0.0419921875 0.455078125 0.0859375
0 0.1484375 0.07080078125 0.013671875 0.0146484375
0 0.7890625 0.0595703125 0.02734375 0.033203125
0 0.115234375 0.048828125 0.017578125 0.0390625
0 0.82373046875 0.0380859375 0.0185546875 0.021484375
0 0.93310546875 0.01416015625 0.0205078125 0.0302734375
0 0.912109375 0.00927734375 0.173828125 0.0205078125
0 0.353515625 0.0068359375 0.01953125 0.015625
0 0.958984375 0.00634765625 0.025390625 0.0146484375
0 0.8095703125 0.00146484375 0.01953125 0.0048828125
