0 0.267578125 0.017578125 0.013671875 0.037109375
0 0.17578125 0.03759765625 0.12109375 0.0771484375
0 0.30615234375 0.03369140625 0.0537109375 0.0693359375
0 0.33056640625 0.015625 0.0322265625 0.033203125
0 0.935546875 0.015625 0.087890625 0.033203125
0 0.80908203125 0.00634765625 0.0166015625 0.0146484375
0 0.03515625 0.04638671875 0.072265625 0.0947265625
0 0.8896484375 0.029296875 0.107421875 0.060546875
0 0.66943359375 0.01611328125 0.0322265625 0.0341796875
0 0.73828125 0.02880859375 0.048828125 0.0498046875
0 0.6943359375 0.0107421875 0.009765625 0.0078125
0 0.8115234375 0.02001953125 0.099609375 0.0263671875
0 0.79833984375 0.033203125 0.0146484375 0.02734375
0 0.7177734375 0.02783203125 0.015625 0.0087890625
0 0.35400390625 0.02734375 0.0048828125 0.005859375
0 0.212890625 0.03955078125 0.056640625 0.0244140625
0 0.767578125 0.0361328125 0.04296875 0.0078125
0 0.69384765625 0.0361328125 0.0126953125 0.005859375
0 0.62890625 0.04833984375 0.126953125 0.0244140625
0 0.69775390625 0.04150390625 0.0087890625 0.0107421875
0 0.78076171875 0.04296875 0.0146484375 0.005859375
0 0.69970703125 0.05029296875 0.0048828125 0.0048828125
0 0.359375 0.05712890625 0.01171875 0.0146484375
0 0.728515625 0.06298828125 0.0234375 0.0146484375
0 0.6689453125 0.0751953125 0.078125 0.03515625
0 0.7109375 0.06005859375 0.005859375 0.0048828125
0 0.71728515625 0.0703125 0.0107421875 0.009765625
0 0.75244140625 0.08154296875 0.1044921875 0.0302734375
0 0.48779296875 0.1279296875 0.1708984375 0.111328125
0 0.92724609375 0.12548828125 0.1435546875 0.0751953125
0 0.48779296875 0.09716796875 0.0498046875 0.0146484375
0 0.67529296875 0.11083984375 0.1220703125 0.0322265625
0 0.97998046875 0.1259765625 0.0380859375 0.041015625
0 0.541015625 0.11767578125 0.046875 0.0185546875
0 0.14501953125 0.119140625 0.0888671875 0.017578125
0 0.52099609375 0.13134765625 0.1162109375 0.0185546875
0 0.5732421875 0.13330078125 0.013671875 0.0068359375
0 0.93896484375 0.1396484375 0.0107421875 0.0078125
0 0.29443359375 0.20263671875 0.0693359375 0.1298828125
0 0.01220703125 0.19384765625 0.0263671875 0.1064453125
0 0.3837890625 0.16943359375 0.0625 0.0439453125
0 0.208984375 0.1533203125 0.005859375 0.005859375
0 0.3525390625 0.158203125 0.009765625 0.013671875
0 0.94873046875 0.16650390625 0.0380859375 0.0185546875
0 0.2236328125 0.1787109375 0.052734375 0.041015625
0 0.55859375 0.1904296875 0.076171875 0.041015625
0 0.19482421875 0.17919921875 0.0048828125 0.0166015625
0 0.234375 0.17724609375 0.00390625 0.0068359375
0 0.046875 0.228515625 0.068359375 0.099609375
0 0.8115234375 0.22412109375 0.056640625 0.0810546875
0 0.3408203125 0.203125 0.0703125 0.03515625
0 0.7119140625 0.19775390625 0.078125 0.0244140625
0 0.1796875 0.20458984375 0.02734375 0.0224609375
0 0.5888671875 0.22119140625 0.076171875 0.0478515625
0 0.99169921875 0.24560546875 0.0146484375 0.0849609375
0 0.3701171875 0.20947265625 0.015625 0.0068359375
0 0.22412109375 0.234375 0.0595703125 0.0546875
0 0.27880859375 0.2421875 0.0595703125 0.064453125
0 0.41943359375 0.22802734375 0.0751953125 0.0322265625
0 0.51611328125 0.2158203125 0.0087890625 0.0078125
0 0.35595703125 0.2685546875 0.0224609375 0.07421875
0 0.18359375 0.2958984375 0.021484375 0.1171875
0 0.5830078125 0.2724609375 0.111328125 0.05859375
0 0.8447265625 0.2900390625 0.0390625 0.0703125
0 0.720703125 0.30224609375 0.091796875 0.0791015625
0 0.638671875 0.2705078125 0.04296875 0.009765625
0 0.65380859375 0.27587890625 0.0087890625 0.0048828125
0 0.69189453125 0.2822265625 0.0595703125 0.015625
0 0.31640625 0.2802734375 0.01171875 0.0078125
0 0.55859375 0.3759765625 0.197265625 0.1796875
0 0.04638671875 0.33740234375 0.0244140625 0.0986328125
0 0.98193359375 0.3564453125 0.0341796875 0.1171875
0 0.34228515625 0.3125 0.0029296875 0.0078125
0 0.0048828125 0.31396484375 0.01171875 0.0068359375
0 0.01953125 0.31591796875 0.009765625 0.0048828125
0 0.9697265625 0.3583984375 0.05859375 0.083984375
0 0.01806640625 0.32080078125 0.0087890625 0.0048828125
0 0.88134765625 0.32568359375 0.1220703125 0.0146484375
0 0.36865234375 0.34423828125 0.0908203125 0.0361328125
0 0.8251953125 0.33935546875 0.087890625 0.0224609375
0 0.91064453125 0.37841796875 0.0400390625 0.0888671875
0 0.66943359375 0.36328125 0.0712890625 0.048828125
0 0.87255859375 0.353515625 0.0146484375 0.009765625
0 0.63232421875 0.388671875 0.1591796875 0.05078125
0 0.759765625 0.427734375 0.10546875 0.123046875
0 0.802734375 0.37841796875 0.0234375 0.0107421875
0 0.017578125 0.431640625 0.033203125 0.107421875
0 0.98486328125 0.40576171875 0.0283203125 0.0380859375
0 0.1337890625 0.4541015625 0.099609375 0.1328125
0 0.72119140625 0.4326171875 0.0615234375 0.080078125
0 0.2587890625 0.43359375 0.017578125 0.060546875
0 0.3310546875 0.4404296875 0.072265625 0.056640625
0 0.86572265625 0.46044921875 0.1142578125 0.0400390625
0 0.51416015625 0.4658203125 0.0732421875 0.046875
0 0.978515625 0.48095703125 0.041015625 0.0576171875
0 0.69091796875 0.45556640625 0.0126953125 0.0048828125
0 0.76025390625 0.4951171875 0.0908203125 0.072265625
0 0.2265625 0.4931640625 0.091796875 0.060546875
0 0.73681640625 0.46923828125 0.0087890625 0.0087890625
0 0.17626953125 0.47705078125 0.0068359375 0.0048828125
0 0.267578125 0.4833984375 0.005859375 0.01171875
0 0.26123046875 0.484375 0.0048828125 0.009765625
0 0.91259765625 0.5185546875 0.1025390625 0.0703125
0 0.6220703125 0.50634765625 0.09375 0.0439453125
0 0.85888671875 0.54443359375 0.0263671875 0.1123046875
0 0.67529296875 0.53662109375 0.0849609375 0.0908203125
0 0.4697265625 0.49462890625 0.009765625 0.0048828125
0 0.68603515625 0.49951171875 0.0283203125 0.0068359375
0 0.29150390625 0.56103515625 0.0908203125 0.0791015625
0 0.58544921875 0.546875 0.1044921875 0.015625
0 0.32177734375 0.57275390625 0.0166015625 0.0380859375
0 0.60693359375 0.56201171875 0.0322265625 0.0068359375
0 0.349609375 0.583984375 0.064453125 0.021484375
0 0.43359375 0.59423828125 0.083984375 0.0361328125
0 0.974609375 0.58154296875 0.005859375 0.0107421875
0 0.9697265625 0.6142578125 0.03125 0.076171875
0 0.65380859375 0.5869140625 0.0048828125 0.0078125
0 0.7587890625 0.599609375 0.1171875 0.033203125
0 0.921875 0.607421875 0.095703125 0.046875
0 0.17919921875 0.5947265625 0.0068359375 0.005859375
0 0.35302734375 0.6298828125 0.0927734375 0.076171875
0 0.9189453125 0.59814453125 0.015625 0.0126953125
0 0.29541015625 0.59814453125 0.0400390625 0.0107421875
0 0.2939453125 0.60986328125 0.052734375 0.0283203125
0 0.00341796875 0.61865234375 0.0087890625 0.0400390625
0 0.49462890625 0.62548828125 0.1201171875 0.0517578125
0 0.89599609375 0.609375 0.0302734375 0.015625
0 0.64404296875 0.625 0.1142578125 0.033203125
0 0.8349609375 0.625 0.064453125 0.021484375
0 0.3759765625 0.62548828125 0.009765625 0.0166015625
0 0.603515625 0.64208984375 0.009765625 0.0302734375
0 0.99658203125 0.6953125 0.0048828125 0.125
0 0.8798828125 0.638671875 0.041015625 0.009765625
0 0.51416015625 0.6396484375 0.0087890625 0.0078125
0 0.51611328125 0.64306640625 0.0107421875 0.0048828125
0 0.50244140625 0.64453125 0.0087890625 0.005859375
0 0.89013671875 0.646484375 0.0205078125 0.0078125
0 0.48779296875 0.650390625 0.0185546875 0.0078125
0 0.46044921875 0.67431640625 0.0830078125 0.0517578125
0 0.9521484375 0.66015625 0.00390625 0.013671875
0 0.0849609375 0.6904296875 0.0390625 0.04296875
0 0.5712890625 0.6796875 0.009765625 0.009765625
0 0.9541015625 0.72998046875 0.08984375 0.0947265625
0 0.81591796875 0.703125 0.1142578125 0.013671875
0 0.81982421875 0.7294921875 0.1064453125 0.05078125
0 0.0849609375 0.7353515625 0.09375 0.060546875
0 0.466796875 0.7412109375 0.08984375 0.0625
0 0.6083984375 0.7529296875 0.099609375 0.064453125
0 0.12841796875 0.73974609375 0.0322265625 0.0302734375
0 0.18994140625 0.74853515625 0.1103515625 0.0341796875
0 0.98681640625 0.75537109375 0.0244140625 0.0439453125
0 0.99169921875 0.78369140625 0.0146484375 0.0947265625
0 0.69287109375 0.76708984375 0.1064453125 0.0537109375
0 0.50146484375 0.759765625 0.0478515625 0.037109375
0 0.31787109375 0.75634765625 0.0126953125 0.0224609375
0 0.43701171875 0.76513671875 0.1201171875 0.0380859375
0 0.31494140625 0.79248046875 0.0146484375 0.0498046875
0 0.2216796875 0.8134765625 0.1171875 0.0859375
0 0.44775390625 0.78662109375 0.0576171875 0.0302734375
0 -0.00048828125 0.78173828125 0.0009765625 0.0185546875
0 0.4931640625 0.8017578125 0.033203125 0.044921875
0 0.98828125 0.7861328125 0.01171875 0.01171875
0 -0.00048828125 0.78369140625 0.0009765625 0.0048828125
0 0.37060546875 0.80224609375 0.0048828125 0.0068359375
0 0.9443359375 0.82275390625 0.068359375 0.0458984375
0 0.3212890625 0.80810546875 0.00390625 0.0068359375
0 0.31396484375 0.81201171875 0.0029296875 0.0107421875
0 0.7919921875 0.8134765625 0.080078125 0.013671875
0 0.9091796875 0.81689453125 0.013671875 0.0048828125
0 0.49658203125 0.83935546875 0.1142578125 0.0419921875
0 0.8798828125 0.82666015625 0.072265625 0.0126953125
0 0.986328125 0.85400390625 0.025390625 0.0673828125
0 0.00830078125 0.85888671875 0.0185546875 0.0654296875
0 0.16748046875 0.84130859375 0.0283203125 0.0146484375
0 0.5126953125 0.84765625 0.009765625 0.02734375
0 0.86572265625 0.849609375 0.1083984375 0.03125
0 0.30322265625 0.84130859375 0.0087890625 0.0126953125
0 0.2822265625 0.86767578125 0.04296875 0.0244140625
0 0.91845703125 0.8828125 0.0888671875 0.041015625
0 0.00732421875 0.89404296875 0.0166015625 0.0615234375
0 0.67822265625 0.8916015625 0.0517578125 0.021484375
0 0.61767578125 0.89453125 0.0595703125 0.021484375
0 0.3076171875 0.89453125 0.072265625 0.01953125
0 0.93408203125 0.89306640625 0.0107421875 0.0107421875
0 0.99853515625 0.9150390625 0.0009765625 0.048828125
0 0.015625 0.9013671875 0.013671875 0.0078125
0 0.904296875 0.9208984375 0.1171875 0.044921875
0 0.3515625 0.931640625 0.10546875 0.064453125
0 0.64306640625 0.9453125 0.0498046875 0.087890625
0 0.40869140625 0.9052734375 0.0068359375 0.005859375
0 0.85546875 0.90966796875 0.01953125 0.0107421875
0 0.05029296875 0.91845703125 0.0498046875 0.0263671875
0 0.12744140625 0.91162109375 0.0068359375 0.0048828125
0 0.26513671875 0.91943359375 0.0048828125 0.0205078125
0 0.39453125 0.927734375 0.072265625 0.017578125
0 0.24462890625 0.95654296875 0.0693359375 0.0419921875
0 0.01220703125 0.9501953125 0.0263671875 0.02734375
0 0.9638671875 0.9677734375 0.0703125 0.0625
0 0.3330078125 0.96484375 0.115234375 0.041015625
0 0.88671875 0.97802734375 0.11328125 0.0419921875
0 0.86669921875 0.994140625 0.0576171875 0.009765625
