0 0.31787109375 0.142578125 0.0791015625 0.03515625
0 0.15771484375 0.03076171875 0.0869140625 0.0283203125
0 0.09423828125 0.08935546875 0.0810546875 0.0693359375
0 0.0830078125 0.115234375 0.080078125 0.033203125
0 0.04296875 0.1708984375 0.0703125 0.025390625
0 0.111328125 0.13525390625 0.083984375 0.0419921875
0 0.14453125 0.1484375 0.07421875 0.0625
0 0.080078125 0.18994140625 0.091796875 0.0302734375
0 0.0751953125 0.23486328125 0.12109375 0.0322265625
0 0.19873046875 0.29248046875 0.0458984375 0.1005859375
0 0.26953125 0.21728515625 0.12890625 0.0458984375
0 0.25244140625 0.28564453125 0.0361328125 0.1044921875
0 0.18310546875 0.380859375 0.0810546875 0.07421875
0 0.13330078125 0.416015625 0.0517578125 0.0625
0 0.169921875 0.4521484375 0.03515625 0.091796875
0 0.01806640625 0.4755859375 0.0322265625 0.060546875
0 0.00439453125 0.03466796875 0.0087890625 0.0361328125
0 0.01123046875 0.22509765625 0.0205078125 0.0517578125
0 0.27392578125 0.01171875 0.0498046875 0.0234375
0 0.36328125 0.05419921875 0.048828125 0.1025390625
0 0.4853515625 0.06591796875 0.11328125 0.0419921875
0 0.49365234375 0.02685546875 0.0654296875 0.0380859375
0 0.62353515625 0.06494140625 0.1044921875 0.0380859375
0 0.6748046875 0.01171875 0.0625 0.0234375
0 0.79931640625 0.03759765625 0.0810546875 0.0361328125
0 0.6748046875 0.13720703125 0.095703125 0.0537109375
0 0.7724609375 0.13916015625 0.0703125 0.0302734375
0 0.80419921875 0.16845703125 0.0576171875 0.0654296875
0 0.86962890625 0.189453125 0.0498046875 0.09375
0 0.89599609375 0.1650390625 0.0888671875 0.05078125
0 0.92822265625 0.13916015625 0.0810546875 0.0439453125
0 0.4580078125 0.11474609375 0.09375 0.0283203125
0 0.5439453125 0.1318359375 0.080078125 0.044921875
0 0.56689453125 0.17822265625 0.1083984375 0.0263671875
0 0.44775390625 0.16357421875 0.0400390625 0.0810546875
0 0.41064453125 0.25634765625 0.0908203125 0.0869140625
0 0.3369140625 0.25390625 0.0859375 0.03125
0 0.3525390625 0.24951171875 0.05078125 0.0673828125
0 0.32421875 0.28955078125 0.046875 0.0458984375
0 0.30419921875 0.298828125 0.0830078125 0.037109375
0 0.3369140625 0.328125 0.048828125 0.08203125
0 0.26513671875 0.3876953125 0.0869140625 0.03515625
0 0.22705078125 0.4541015625 0.1044921875 0.037109375
0 0.244140625 0.47314453125 0.09375 0.1396484375
0 0.15478515625 0.56494140625 0.1123046875 0.0498046875
0 0.0810546875 0.53271484375 0.033203125 0.0966796875
0 0.0400390625 0.529296875 0.056640625 0.08203125
0 0.5126953125 0.2705078125 0.087890625 0.033203125
0 0.54833984375 0.21142578125 0.0888671875 0.0400390625
0 0.6220703125 0.19482421875 0.068359375 0.0361328125
0 0.68505859375 0.21875 0.0712890625 0.0390625
0 0.73779296875 0.3212890625 0.0380859375 0.080078125
0 0.77978515625 0.30419921875 0.1123046875 0.0478515625
0 0.84716796875 0.23876953125 0.0830078125 0.0927734375
0 0.93115234375 0.30810546875 0.0810546875 0.0419921875
0 0.93994140625 0.34033203125 0.0615234375 0.0888671875
0 0.85693359375 0.3740234375 0.0986328125 0.037109375
0 0.72607421875 0.365234375 0.0673828125 0.09375
0 0.78125 0.43798828125 0.0546875 0.1005859375
0 0.8310546875 0.43017578125 0.080078125 0.0595703125
0 0.56787109375 0.33740234375 0.0673828125 0.0888671875
0 0.61865234375 0.32373046875 0.0654296875 0.0849609375
0 0.61328125 0.3408203125 0.06640625 0.0546875
0 0.43994140625 0.365234375 0.0615234375 0.0703125
0 0.46240234375 0.36181640625 0.0869140625 0.0400390625
0 0.47216796875 0.41259765625 0.1083984375 0.0615234375
0 0.33740234375 0.41064453125 0.0712890625 0.0732421875
0 0.3466796875 0.45263671875 0.044921875 0.1005859375
0 0.38037109375 0.41259765625 0.0458984375 0.1005859375
0 0.4697265625 0.4912109375 0.0859375 0.072265625
0 0.39013671875 0.513671875 0.1572265625 0.04296875
0 0.38232421875 0.52392578125 0.0634765625 0.0947265625
0 0.25732421875 0.5830078125 0.0556640625 0.103515625
0 0.3701171875 0.6376953125 0.05859375 0.091796875
0 0.232421875 0.640625 0.05859375 0.07421875
0 0.1474609375 0.6611328125 0.056640625 0.068359375
0 0.09130859375 0.64013671875 0.0693359375 0.0576171875
0 0.02490234375 0.68701171875 0.0419921875 0.0517578125
0 0.294921875 0.77783203125 0.044921875 0.0927734375
0 0.17431640625 0.84765625 0.0732421875 0.07421875
0 0.10498046875 0.724609375 0.0634765625 0.07421875
0 0.0888671875 0.7578125 0.076171875 0.068359375
0 0.052734375 0.86083984375 0.05078125 0.0732421875
0 0.49560546875 0.7578125 0.0966796875 0.0859375
0 0.4765625 0.6904296875 0.1015625 0.048828125
0 0.578125 0.69921875 0.080078125 0.08203125
0 0.60302734375 0.6943359375 0.0556640625 0.09375
0 0.6181640625 0.6240234375 0.072265625 0.095703125
0 0.72265625 0.61328125 0.087890625 0.05859375
0 0.69775390625 0.6416015625 0.0673828125 0.07421875
0 0.83740234375 0.67724609375 0.0537109375 0.1318359375
0 0.92578125 0.666015625 0.0703125 0.09375
0 0.90576171875 0.75048828125 0.0517578125 0.0927734375
0 0.9462890625 0.8349609375 0.041015625 0.103515625
0 0.84423828125 0.89794921875 0.0791015625 0.0732421875
0 0.7109375 0.7392578125 0.06640625 0.0859375
0 0.76171875 0.81103515625 0.0546875 0.0751953125
0 0.7626953125 0.89892578125 0.072265625 0.0341796875
0 0.587890625 0.4658203125 0.099609375 0.048828125
0 0.56689453125 0.36962890625 0.0439453125 0.0771484375
0 0.54638671875 0.4111328125 0.0595703125 0.060546875
0 0.6025390625 0.52490234375 0.044921875 0.0751953125
0 0.66455078125 0.529296875 0.0439453125 0.0859375
0 0.677734375 0.5322265625 0.08203125 0.041015625
0 0.69921875 0.50390625 0.04296875 0.068359375
0 0.734375 0.48681640625 0.08203125 0.0498046875
0 0.74267578125 0.455078125 0.0498046875 0.0625
0 0.81298828125 0.5263671875 0.1123046875 0.03515625
0 0.82763671875 0.490234375 0.0537109375 0.12109375
0 0.95654296875 0.4072265625 0.0654296875 0.095703125
0 0.9208984375 0.44775390625 0.099609375 0.0400390625
0 0.8583984375 0.41064453125 0.080078125 0.0419921875
0 0.96337890625 0.38916015625 0.0693359375 0.0498046875
0 0.91357421875 0.564453125 0.0732421875 0.0234375
0 0.7802734375 0.34423828125 0.087890625 0.0244140625
0 0.74462890625 0.36572265625 0.0810546875 0.0283203125
0 0.587890625 0.2568359375 0.046875 0.048828125
0 0.39111328125 0.79541015625 0.0751953125 0.0810546875
0 0.52587890625 0.61767578125 0.0341796875 0.0751953125
0 0.97412109375 0.63134765625 0.0341796875 0.0712890625
0 0.4443359375 0.61328125 0.064453125 0.04296875
0 0.55224609375 0.9384765625 0.0771484375 0.05078125
0 0.44384765625 0.94482421875 0.0478515625 0.0654296875
0 0.1240234375 0.9482421875 0.068359375 0.064453125
0 0.06201171875 0.93212890625 0.0419921875 0.0693359375
