0 0.98486328125 0.970703125 0.0244140625 0.056640625
0 0.48388671875 0.89453125 0.0322265625 0.095703125
0 0.29931640625 0.876953125 0.0498046875 0.115234375
0 0.45361328125 0.79345703125 0.0439453125 0.0732421875
0 0.01123046875 0.79638671875 0.0244140625 0.0537109375
0 0.35693359375 0.791015625 0.1279296875 0.017578125
0 0.73583984375 0.7490234375 0.0732421875 0.09765625
0 0.58935546875 0.74658203125 0.0771484375 0.0947265625
0 0.4404296875 0.74853515625 0.12890625 0.0400390625
0 0.02197265625 0.71435546875 0.0458984375 0.0498046875
0 0.31787109375 0.64794921875 0.1103515625 0.0712890625
0 0.00927734375 0.57568359375 0.0205078125 0.0302734375
0 0.447265625 0.60302734375 0.11328125 0.0322265625
0 0.0927734375 0.59033203125 0.107421875 0.0556640625
0 0.08544921875 0.51953125 0.1123046875 0.060546875
0 0.02490234375 0.47607421875 0.0517578125 0.0693359375
0 0.298828125 0.451171875 0.140625 0.033203125
0 0.1787109375 0.40283203125 0.119140625 0.0830078125
0 0.01513671875 0.38330078125 0.0322265625 0.0732421875
0 0.3818359375 0.37939453125 0.115234375 0.0771484375
0 0.52880859375 0.40380859375 0.1279296875 0.0263671875
0 0.4736328125 0.310546875 0.068359375 0.107421875
0 0.09521484375 0.3330078125 0.1220703125 0.048828125
0 0.3046875 0.32568359375 0.107421875 0.0595703125
0 0.27294921875 0.24951171875 0.0888671875 0.0888671875
0 0.33984375 0.2783203125 0.08203125 0.017578125
0 0.2724609375 0.25537109375 0.05078125 0.0595703125
0 0.3876953125 0.18994140625 0.107421875 0.0693359375
0 0.08935546875 0.12646484375 0.0302734375 0.1337890625
0 0.046875 0.13720703125 0.078125 0.0869140625
0 0.53271484375 0.14453125 0.1474609375 0.048828125
0 0.98779296875 0.11376953125 0.0224609375 0.0791015625
0 0.90478515625 0.091796875 0.0439453125 0.11328125
0 0.125 0.123046875 0.095703125 0.08984375
0 0.73193359375 0.0908203125 0.1181640625 0.05859375
0 0.93798828125 0.06396484375 0.0908203125 0.0810546875
0 0.04931640625 0.021484375 0.0869140625 0.044921875
0 0.3427734375 0.02099609375 0.138671875 0.0419921875
0 0.609375 0.01904296875 0.11328125 0.0400390625
0 0.8876953125 0.3046875 0.095703125 0.12890625
0 0.70654296875 0.3720703125 0.1025390625 0.08203125
0 0.7705078125 0.38671875 0.083984375 0.126953125
0 0.69775390625 0.46044921875 0.1396484375 0.0537109375
0 0.60498046875 0.49609375 0.1083984375 0.0703125
0 0.95654296875 0.49658203125 0.0712890625 0.1220703125
0 0.88720703125 0.6064453125 0.0263671875 0.14453125
0 0.9873046875 0.5947265625 0.017578125 0.09375
0 0.2529296875 0.83056640625 0.123046875 0.0419921875
0 0.31201171875 0.919921875 0.1240234375 0.076171875
0 0.04833984375 0.24267578125 0.0947265625 0.1044921875
0 0.01025390625 0.2529296875 0.0224609375 0.033203125
0 0.2900390625 0.24755859375 0.0859375 0.0966796875
0 0.56982421875 0.5263671875 0.1259765625 0.05078125
0 0.81884765625 0.01171875 0.0400390625 0.0234375
0 0.9580078125 0.0087890625 0.046875 0.01953125
0 0.23388671875 0.18603515625 0.0712890625 0.1103515625
0 0.25634765625 0.1689453125 0.1005859375 0.060546875
0 0.7080078125 0.9208984375 0.041015625 0.1328125
0 0.9306640625 0.935546875 0.033203125 0.115234375
0 0.6943359375 0.94873046875 0.03515625 0.0869140625
0 0.26904296875 0.96044921875 0.0537109375 0.0673828125
0 0.6015625 0.9482421875 0.0546875 0.087890625
0 0.02734375 0.75537109375 0.0546875 0.0322265625
0 0.36669921875 0.6207275390625 0.1298828125 0.061279296875
