0 0.1455078125 0.05224609375 0.107421875 0.0419921875
0 0.22509765625 0.03271484375 0.1064453125 0.0302734375
0 0.23291015625 0.0390625 0.0869140625 0.07421875
0 0.32470703125 0.04296875 0.1123046875 0.046875
0 0.3359375 0.09228515625 0.09375 0.0576171875
0 0.28271484375 0.095703125 0.0556640625 0.056640625
0 0.16650390625 0.15869140625 0.0966796875 0.0654296875
0 0.21435546875 0.1787109375 0.1220703125 0.044921875
0 0.28857421875 0.1640625 0.0751953125 0.08203125
0 0.384765625 0.1181640625 0.083984375 0.11328125
0 0.36767578125 0.162109375 0.0966796875 0.05859375
0 0.283203125 0.21826171875 0.1171875 0.0537109375
0 0.3408203125 0.24072265625 0.1015625 0.0615234375
0 0.24169921875 0.2724609375 0.0888671875 0.06640625
0 0.279296875 0.3828125 0.08984375 0.056640625
0 0.36083984375 0.47021484375 0.0439453125 0.1025390625
0 0.41357421875 0.42529296875 0.0869140625 0.0927734375
0 0.4541015625 0.2177734375 0.09765625 0.078125
0 0.4921875 0.07421875 0.1015625 0.078125
0 0.47314453125 0.025390625 0.0361328125 0.052734375
0 0.03759765625 0.06787109375 0.0712890625 0.0478515625
0 0.03125 0.1162109375 0.0625 0.05859375
0 0.05810546875 0.21337890625 0.1064453125 0.0498046875
0 0.07568359375 0.31884765625 0.1279296875 0.0576171875
0 0.0234375 0.3349609375 0.05078125 0.0703125
0 0.029296875 0.427734375 0.0546875 0.060546875
0 0.13818359375 0.53076171875 0.1123046875 0.0537109375
0 0.009765625 0.54345703125 0.01953125 0.0537109375
0 0.5712890625 0.07177734375 0.046875 0.1044921875
0 0.603515625 0.00927734375 0.03515625 0.0185546875
0 0.791015625 0.021484375 0.048828125 0.037109375
0 0.708984375 0.04296875 0.0625 0.08203125
0 0.64697265625 0.126953125 0.1103515625 0.103515625
0 0.568359375 0.2822265625 0.0859375 0.10546875
0 0.494140625 0.47021484375 0.033203125 0.1220703125
0 0.5537109375 0.4365234375 0.072265625 0.111328125
0 0.380859375 0.58642578125 0.12890625 0.0498046875
0 0.205078125 0.53955078125 0.115234375 0.0830078125
0 0.224609375 0.642578125 0.10546875 0.083984375
0 0.130859375 0.71044921875 0.107421875 0.0556640625
0 0.18310546875 0.73291015625 0.0830078125 0.0771484375
0 0.609375 0.26611328125 0.11328125 0.0556640625
0 0.61572265625 0.2685546875 0.0947265625 0.064453125
0 0.66552734375 0.158203125 0.0537109375 0.111328125
0 0.70556640625 0.0771484375 0.0498046875 0.095703125
0 0.72998046875 0.125 0.0341796875 0.111328125
0 0.33056640625 0.244140625 0.0732421875 0.1015625
0 0.76318359375 0.0977410152554512 0.0458984375 0.062330469489097595
