0 0.8046875 0.9951171875 0.06640625 0.0078125
0 0.48486328125 0.97998046875 0.0458984375 0.0380859375
0 0.9775390625 0.98681640625 0.04296875 0.0244140625
0 0.75537109375 0.990234375 0.0361328125 0.017578125
0 0.146484375 0.96337890625 0.041015625 0.0712890625
0 0.81591796875 0.94677734375 0.0439453125 0.1044921875
0 0.40869140625 0.94140625 0.0498046875 0.111328125
0 0.318359375 0.97021484375 0.068359375 0.0478515625
0 0.759765625 0.98193359375 0.005859375 0.0068359375
0 0.75341796875 0.93408203125 0.0322265625 0.1025390625
0 0.7724609375 0.97412109375 0.00390625 0.0126953125
0 0.14013671875 0.91748046875 0.0419921875 0.0986328125
0 0.78515625 0.955078125 0.021484375 0.0234375
0 0.3583984375 0.91015625 0.03515625 0.111328125
0 0.9375 0.955078125 0.0078125 0.0078125
0 0.90673828125 0.8857421875 0.0595703125 0.138671875
0 0.94189453125 0.94921875 0.0087890625 0.01171875
0 0.27734375 0.9365234375 0.009765625 0.013671875
0 0.6923828125 0.80615234375 0.076171875 0.2431640625
0 0.48876953125 0.87109375 0.0556640625 0.099609375
0 0.82177734375 0.83544921875 0.0810546875 0.1357421875
0 0.81982421875 0.8857421875 0.0068359375 0.009765625
0 0.81689453125 0.85107421875 0.0263671875 0.0771484375
0 0.05029296875 0.837890625 0.0751953125 0.1015625
0 0.5771484375 0.833984375 0.0625 0.087890625
0 0.17431640625 0.78759765625 0.0634765625 0.1298828125
0 0.95947265625 0.8115234375 0.0400390625 0.076171875
0 0.00341796875 0.8076171875 0.0087890625 0.072265625
0 0.32275390625 0.798828125 0.0322265625 0.076171875
0 0.7021484375 0.82080078125 0.00390625 0.0048828125
0 0.7919921875 0.80517578125 0.0234375 0.0146484375
0 0.34765625 0.80322265625 0.005859375 0.0048828125
0 0.9375 0.74560546875 0.072265625 0.1044921875
0 0.015625 0.73876953125 0.033203125 0.1083984375
0 0.68701171875 0.76220703125 0.0341796875 0.0537109375
0 0.11376953125 0.724609375 0.0263671875 0.11328125
0 0.25732421875 0.71875 0.0361328125 0.12109375
0 0.42724609375 0.77685546875 0.0068359375 0.0048828125
0 0.52880859375 0.71435546875 0.0927734375 0.1005859375
0 0.92333984375 0.7587890625 0.0126953125 0.005859375
0 0.943359375 0.6953125 0.05078125 0.10546875
0 0.28857421875 0.74169921875 0.0048828125 0.0087890625
0 0.76416015625 0.65576171875 0.0576171875 0.1806640625
0 0.7978515625 0.724609375 0.005859375 0.015625
0 0.40576171875 0.62451171875 0.1123046875 0.2060546875
0 0.2177734375 0.6943359375 0.013671875 0.060546875
0 0.9736328125 0.61767578125 0.05078125 0.1767578125
0 0.54541015625 0.64208984375 0.0341796875 0.1123046875
0 0.20654296875 0.6279296875 0.0302734375 0.115234375
0 0.47265625 0.67822265625 0.009765625 0.0087890625
0 0.8017578125 0.65966796875 0.00390625 0.0087890625
0 0.802734375 0.5810546875 0.03125 0.119140625
0 0.2080078125 0.62646484375 0.0078125 0.0146484375
0 0.88232421875 0.5791015625 0.0595703125 0.109375
0 0.9267578125 0.61962890625 0.0078125 0.0048828125
0 0.392578125 0.5537109375 0.044921875 0.1015625
0 0.49951171875 0.525390625 0.0439453125 0.125
0 0.10595703125 0.57861328125 0.0068359375 0.0048828125
0 0.56298828125 0.51416015625 0.0458984375 0.1162109375
0 0.61669921875 0.49267578125 0.0185546875 0.0927734375
0 0.349609375 0.47802734375 0.03125 0.1201171875
0 0.1552734375 0.47705078125 0.041015625 0.1025390625
0 0.7080078125 0.4521484375 0.01953125 0.10546875
0 0.62841796875 0.38671875 0.0263671875 0.125
0 0.248046875 0.37841796875 0.052734375 0.0986328125
0 0.33837890625 0.357421875 0.0283203125 0.12890625
0 0.9951171875 0.39453125 0.0078125 0.048828125
0 0.37939453125 0.35009765625 0.0361328125 0.1201171875
0 0.6953125 0.353515625 0.076171875 0.11328125
0 0.18408203125 0.3330078125 0.0361328125 0.126953125
0 0.71337890625 0.39013671875 0.0048828125 0.0126953125
0 0.2744140625 0.37939453125 0.015625 0.0146484375
0 0.07080078125 0.3193359375 0.0244140625 0.123046875
0 0.9501953125 0.3310546875 0.025390625 0.09765625
0 0.78857421875 0.306640625 0.0498046875 0.13671875
0 0.29345703125 0.31884765625 0.0224609375 0.1103515625
0 0.0029296875 0.3173828125 0.0078125 0.0859375
0 0.55029296875 0.30224609375 0.0185546875 0.1123046875
0 0.98095703125 0.35205078125 0.0048828125 0.0107421875
0 0.83740234375 0.29345703125 0.0595703125 0.1162109375
0 0.7802734375 0.29443359375 0.01953125 0.1025390625
0 0.21826171875 0.26318359375 0.0341796875 0.1083984375
0 0.3349609375 0.26904296875 0.009765625 0.0048828125
0 0.36865234375 0.2001953125 0.0166015625 0.119140625
0 0.6103515625 0.142578125 0.07421875 0.09765625
0 0.09912109375 0.1552734375 0.0068359375 0.017578125
0 0.09912109375 0.123046875 0.0205078125 0.078125
0 0.44873046875 0.0908203125 0.0517578125 0.123046875
0 0.33203125 0.08642578125 0.01953125 0.1240234375
0 0.13916015625 0.0751953125 0.0361328125 0.115234375
0 0.837890625 0.0478515625 0.021484375 0.09765625
0 0.8818359375 0.04638671875 0.01953125 0.0947265625
0 0.99072265625 0.0458984375 0.0166015625 0.09375
0 0.69287109375 0.04541015625 0.0166015625 0.0927734375
0 0.29296875 0.04345703125 0.041015625 0.0888671875
0 0.90234375 0.07373046875 0.00390625 0.0107421875
0 0.0068359375 0.0302734375 0.015625 0.0625
0 0.3779296875 0.02783203125 0.046875 0.0576171875
0 0.51904296875 0.017578125 0.0029296875 0.0078125
