0 0.1142578125 0.01611328125 0.044921875 0.0244140625
0 0.1650390625 0.056640625 0.1015625 0.0859375
0 0.2666015625 0.01416015625 0.037109375 0.0302734375
0 0.29736328125 0.00830078125 0.0283203125 0.0166015625
0 0.369140625 0.0625 0.123046875 0.044921875
0 0.29541015625 0.14306640625 0.1083984375 0.0537109375
0 0.38720703125 0.0556640625 0.0576171875 0.0859375
0 0.50146484375 0.04296875 0.0830078125 0.078125
0 0.56787109375 0.06884765625 0.1044921875 0.0810546875
0 0.50048828125 0.09033203125 0.0810546875 0.0673828125
0 0.43994140625 0.10009765625 0.0927734375 0.0771484375
0 0.47119140625 0.19580078125 0.0888671875 0.0791015625
0 0.34130859375 0.32958984375 0.0361328125 0.0986328125
0 0.392578125 0.3671875 0.044921875 0.08203125
0 0.1806640625 0.52392578125 0.044921875 0.1318359375
0 0.24560546875 0.494140625 0.0693359375 0.10546875
0 0.3935546875 0.57861328125 0.08203125 0.0966796875
0 0.4521484375 0.41064453125 0.08203125 0.1025390625
0 0.4619140625 0.46044921875 0.05078125 0.0712890625
0 0.28076171875 0.69970703125 0.0908203125 0.0615234375
0 0.29296875 0.84130859375 0.103515625 0.0537109375
0 0.50244140625 0.673828125 0.1142578125 0.064453125
0 0.5263671875 0.48828125 0.037109375 0.095703125
0 0.60107421875 0.5517578125 0.1064453125 0.037109375
0 0.6611328125 0.5556640625 0.0546875 0.1328125
0 0.60009765625 0.56103515625 0.0498046875 0.0810546875
0 0.607421875 0.4482421875 0.037109375 0.107421875
0 0.60205078125 0.345703125 0.0615234375 0.083984375
0 0.62939453125 0.3935546875 0.0654296875 0.09375
0 0.65673828125 0.2314453125 0.0595703125 0.09375
0 0.685546875 0.32763671875 0.03125 0.1123046875
0 0.72216796875 0.22265625 0.1103515625 0.04296875
0 0.74169921875 0.18212890625 0.0927734375 0.0849609375
0 0.71875 0.06787109375 0.060546875 0.0732421875
0 0.82568359375 0.0380859375 0.0478515625 0.076171875
0 0.92041015625 0.07470703125 0.0595703125 0.0908203125
0 0.86376953125 0.19970703125 0.0732421875 0.0810546875
0 0.9072265625 0.27978515625 0.08203125 0.0595703125
0 0.8310546875 0.2900390625 0.091796875 0.091796875
0 0.7392578125 0.2939453125 0.068359375 0.078125
0 0.576171875 0.47509765625 0.09375 0.0595703125
0 0.60498046875 0.484375 0.0751953125 0.044921875
0 0.748046875 0.44970703125 0.0859375 0.1162109375
0 0.7919921875 0.41552734375 0.056640625 0.0966796875
0 0.8037109375 0.3828125 0.095703125 0.07421875
0 0.978515625 0.142578125 0.03125 0.060546875
0 0.9296875 0.201171875 0.1015625 0.04296875
0 0.91943359375 0.20068359375 0.0419921875 0.0869140625
0 0.03515625 0.7164306640625 0.068359375 0.033935546875
