0 0.5751953125 0.00634765625 0.09375 0.0146484375
0 0.70556640625 0.0712890625 0.0400390625 0.10546875
0 0.30224609375 0.08740234375 0.1123046875 0.0185546875
0 0.40625 0.1533203125 0.064453125 0.0859375
0 0.03515625 0.30078125 0.072265625 0.08984375
0 0.099609375 0.3125 0.037109375 0.068359375
0 0.43115234375 0.36181640625 0.0966796875 0.0556640625
0 0.14892578125 0.36767578125 0.0751953125 0.0283203125
0 0.15625 0.41650390625 0.052734375 0.0771484375
0 0.3837890625 0.3984375 0.1015625 0.0234375
0 0.47412109375 0.47998046875 0.0751953125 0.1005859375
0 0.0068359375 0.46484375 0.015625 0.041015625
0 0.63818359375 0.50439453125 0.0712890625 0.0380859375
0 0.10693359375 0.53173828125 0.0419921875 0.0732421875
0 0.6484375 0.544921875 0.107421875 0.05859375
0 0.2197265625 0.58154296875 0.060546875 0.0693359375
0 0.67578125 0.57568359375 0.0859375 0.0166015625
0 0.98291015625 0.599609375 0.0322265625 0.048828125
0 0.6943359375 0.6064453125 0.1171875 0.056640625
0 0.830078125 0.60791015625 0.09765625 0.0302734375
0 0.92431640625 0.6748046875 0.0673828125 0.125
0 0.78515625 0.64208984375 0.126953125 0.0361328125
0 0.13623046875 0.6640625 0.0693359375 0.072265625
0 0.21875 0.69775390625 0.08203125 0.0400390625
0 0.9873046875 0.79345703125 0.0234375 0.1220703125
0 0.4140625 0.8037109375 0.12109375 0.0625
0 0.6474609375 0.8447265625 0.1015625 0.05859375
0 0.16650390625 0.826171875 0.0927734375 0.046875
0 0.0263671875 0.9052734375 0.0546875 0.09765625
0 0.9013671875 0.9091796875 0.080078125 0.09375
0 0.716796875 0.904296875 0.0859375 0.021484375
0 0.9775390625 0.9248046875 0.04296875 0.05859375
0 0.12255859375 0.93115234375 0.0888671875 0.0556640625
0 0.62060546875 0.9345703125 0.1025390625 0.0546875
0 0.7710611979166666 0.9326171875 0.11022135416666679 0.04296875
0 0.28759765625 0.95556640625 0.1123046875 0.0615234375
0 0.45849609375 0.95068359375 0.1123046875 0.0166015625
0 0.95166015625 0.9892578125 0.0791015625 0.01953125
0 0.64306640625 0.240234375 0.0341796875 0.09765625
0 0.6376953125 0.32275390625 0.05078125 0.1025390625
0 0.77685546875 0.38037109375 0.0673828125 0.1201171875
0 0.8603515625 0.29052734375 0.03125 0.0986328125
0 0.8876953125 0.3544921875 0.025390625 0.08203125
0 0.83935546875 0.3994140625 0.0498046875 0.11328125
0 0.79736328125 0.185546875 0.0380859375 0.138671875
0 0.78662109375 0.13525390625 0.1181640625 0.1044921875
0 0.8486328125 0.0625 0.048828125 0.10546875
0 0.96875 0.10888671875 0.044921875 0.1318359375
0 0.7646484375 0.02685546875 0.111328125 0.0556640625
0 0.56884765625 0.13134765625 0.0986328125 0.0712890625
0 0.5615234375 0.13037109375 0.134765625 0.0400390625
0 0.04833984375 0.150390625 0.0830078125 0.083984375
0 0.158203125 0.15771484375 0.126953125 0.0615234375
0 0.171875 0.15185546875 0.09375 0.0849609375
0 0.00732421875 0.3984375 0.0126953125 0.033203125
0 0.56103515625 0.70458984375 0.0322265625 0.1376953125
0 0.53955078125 0.67724609375 0.1162109375 0.0478515625
0 0.6240234375 0.71826171875 0.12890625 0.0751953125
0 0.97314453125 0.517578125 0.0517578125 0.10546875
0 0.95458984375 0.55322265625 0.0732421875 0.1279296875
0 0.29443359375 0.97119140625 0.1044921875 0.0478515625
0 0.15283203125 0.98583984375 0.0771484375 0.0263671875
0 0.49560546875 0.5361328125 0.0615234375 0.1171875
0 0.21435546875 0.013671875 0.0986328125 0.025390625
0 0.91162109375 0.0390625 0.0732421875 0.080078125
