0 0.17333984375 0.38427734375 0.1103515625 0.0322265625
0 0.25390625 0.3759765625 0.052734375 0.013671875
0 0.3671875 0.39013671875 0.12109375 0.0361328125
0 0.0224609375 0.43994140625 0.046875 0.1240234375
0 0.5263671875 0.44287109375 0.208984375 0.0498046875
0 0.4306640625 0.46484375 0.078125 0.017578125
0 0.41259765625 0.482421875 0.0810546875 0.03125
0 0.74169921875 0.4912109375 0.1103515625 0.048828125
0 0.30322265625 0.4873046875 0.1103515625 0.02734375
0 0.18359375 0.50927734375 0.111328125 0.0361328125
0 0.68603515625 0.51513671875 0.1025390625 0.0439453125
0 0.93896484375 0.525390625 0.1103515625 0.060546875
0 0.51513671875 0.53564453125 0.0869140625 0.0458984375
0 0.75439453125 0.55078125 0.1181640625 0.060546875
0 0.1357421875 0.54248046875 0.09375 0.0419921875
0 0.3486328125 0.572265625 0.13671875 0.029296875
0 0.50439453125 0.57421875 0.1064453125 0.0234375
0 0.64990234375 0.5908203125 0.1025390625 0.0234375
0 0.61376953125 0.6162109375 0.1181640625 0.037109375
0 0.92041015625 0.64111328125 0.1240234375 0.0400390625
0 0.97021484375 0.63671875 0.0576171875 0.029296875
0 0.0283203125 0.6435546875 0.05859375 0.0390625
0 0.19873046875 0.63330078125 0.1044921875 0.0185546875
0 0.8720703125 0.67333984375 0.2265625 0.0361328125
0 0.697265625 0.6845703125 0.12890625 0.03515625
0 0.404296875 0.69091796875 0.126953125 0.0244140625
0 0.009765625 0.728515625 0.021484375 0.072265625
0 0.57666015625 0.74365234375 0.1259765625 0.0478515625
0 0.1708984375 0.74072265625 0.14453125 0.0341796875
0 0.7177734375 0.73974609375 0.044921875 0.0087890625
0 0.75341796875 0.74853515625 0.1611328125 0.0224609375
0 0.412109375 0.78857421875 0.123046875 0.0380859375
0 0.88671875 0.79736328125 0.07421875 0.0322265625
0 0.10888671875 0.79833984375 0.1259765625 0.0322265625
0 0.609375 0.796875 0.060546875 0.021484375
0 0.32666015625 0.82373046875 0.0849609375 0.0654296875
0 0.6103515625 0.81298828125 0.197265625 0.0185546875
0 0.9462890625 0.82275390625 0.10546875 0.0263671875
0 0.36962890625 0.82763671875 0.0869140625 0.0341796875
0 0.22021484375 0.84521484375 0.1240234375 0.0283203125
0 0.38525390625 0.8671875 0.1435546875 0.064453125
0 0.83837890625 0.849609375 0.1591796875 0.025390625
0 0.52490234375 0.88427734375 0.1064453125 0.0751953125
0 0.02880859375 0.8623046875 0.0595703125 0.025390625
0 0.97314453125 0.896484375 0.0517578125 0.04296875
0 0.74072265625 0.890625 0.0576171875 0.017578125
0 0.78662109375 0.89306640625 0.0380859375 0.0068359375
0 0.68115234375 0.91357421875 0.1083984375 0.0185546875
0 0.208984375 0.95166015625 0.123046875 0.0654296875
0 0.89599609375 0.943359375 0.1318359375 0.033203125
