0 0.17236328125 0.888671875 0.0712890625 0.080078125
0 0.35205078125 0.7958984375 0.1494140625 0.119140625
0 0.25634765625 0.78759765625 0.0576171875 0.1142578125
0 0.43115234375 0.7587890625 0.1201171875 0.072265625
0 0.15966796875 0.7578125 0.1337890625 0.0546875
0 0.06640625 0.73828125 0.103515625 0.078125
0 0.01953125 0.734375 0.041015625 0.06640625
0 0.38916015625 0.6826171875 0.1220703125 0.107421875
0 0.45068359375 0.6728515625 0.0751953125 0.111328125
0 0.56982421875 0.6328125 0.0732421875 0.125
0 0.16455078125 0.6474609375 0.1201171875 0.056640625
0 0.06396484375 0.626953125 0.0869140625 0.037109375
0 0.45556640625 0.57568359375 0.0791015625 0.1064453125
0 0.57275390625 0.5703125 0.0712890625 0.1015625
0 0.08154296875 0.5615234375 0.0732421875 0.095703125
0 0.21875 0.5537109375 0.1015625 0.060546875
0 0.35693359375 0.5390625 0.1044921875 0.08203125
0 0.56103515625 0.525390625 0.1123046875 0.064453125
0 0.7607421875 0.4287109375 0.033203125 0.091796875
0 0.54052734375 0.43603515625 0.0478515625 0.0419921875
0 0.64306640625 0.40966796875 0.0498046875 0.0888671875
0 0.15673828125 0.419921875 0.0830078125 0.06640625
0 0.4716796875 0.40283203125 0.0703125 0.0498046875
0 0.537109375 0.380859375 0.119140625 0.064453125
0 0.173828125 0.36083984375 0.10546875 0.0888671875
0 0.71923828125 0.33837890625 0.0966796875 0.1005859375
0 0.587890625 0.31396484375 0.087890625 0.1064453125
0 0.84326171875 0.2734375 0.0556640625 0.107421875
0 0.8564453125 0.26708984375 0.037109375 0.0927734375
0 0.48583984375 0.2685546875 0.0830078125 0.0546875
0 0.0927734375 0.267578125 0.119140625 0.048828125
0 0.328125 0.22216796875 0.1015625 0.1005859375
0 0.77197265625 0.22314453125 0.0771484375 0.0927734375
0 0.8720703125 0.24560546875 0.017578125 0.0400390625
0 0.72265625 0.216796875 0.02734375 0.09375
0 0.462890625 0.2314453125 0.14453125 0.029296875
0 0.607421875 0.1923828125 0.095703125 0.103515625
0 0.90087890625 0.1865234375 0.0400390625 0.11328125
0 0.8369140625 0.1337890625 0.046875 0.10546875
0 0.7763671875 0.126953125 0.060546875 0.109375
0 0.201171875 0.13427734375 0.083984375 0.0830078125
0 0.9130859375 0.095703125 0.044921875 0.09375
0 0.38623046875 0.07080078125 0.0888671875 0.1220703125
0 0.31103515625 0.0498046875 0.0830078125 0.1015625
0 0.0849609375 0.0390625 0.06640625 0.0625
0 0.615234375 0.0322265625 0.06640625 0.06640625
0 0.3857421875 0.39453125 0.138671875 0.0703125
0 0.29443359375 0.42529296875 0.1787109375 0.0517578125
0 0.9501953125 0.0625 0.033203125 0.123046875
0 0.9462890625 0.14208984375 0.0546875 0.1435546875
0 0.96533203125 0.0400390625 0.0537109375 0.07421875
0 0.251953125 0.4990234375 0.11328125 0.07421875
0 0.2861328125 0.46875 0.115234375 0.08203125
0 0.302734375 0.47998046875 0.111328125 0.0791015625
0 0.20263671875 0.81298828125 0.1552734375 0.0458984375
0 0.11962890625 0.86474609375 0.0517578125 0.1064453125
0 0.18212890625 0.89892578125 0.0791015625 0.0615234375
0 0.6953125 0.484375 0.037109375 0.15234375
0 0.720703125 0.41748046875 0.056640625 0.1142578125
0 0.7978515625 0.2939453125 0.068359375 0.130859375
0 0.794921875 0.35546875 0.12109375 0.08203125
0 0.6630859375 0.435546875 0.08984375 0.087890625
0 0.65771484375 0.4921875 0.1220703125 0.099609375
0 0.33935546875 0.7724609375 0.1298828125 0.05078125
0 0.0546875 0.87451171875 0.10546875 0.0517578125
0 0.08642578125 0.94384765625 0.1396484375 0.0771484375
0 0.05224609375 0.92431640625 0.1044921875 0.0302734375
0 0.947265625 0.0244140625 0.02734375 0.04296875
0 0.17822265625 0.0458984375 0.0927734375 0.08984375
0 0.0458984375 0.02734375 0.0546875 0.056640625
0 0.10205078125 0.0107421875 0.0341796875 0.01953125
0 0.484375 0.0380859375 0.0625 0.072265625
0 0.64599609375 0.5567626953125 0.0693359375 0.105224609375
0 0.419921875 0.6817626953125 0.064453125 0.116943359375
0 0.37060546875 0.7247314453125 0.1123046875 0.087646484375
