0 0.57177734375 0.94775390625 0.0380859375 0.1025390625
0 0.84765625 0.95947265625 0.076171875 0.0791015625
0 0.9013671875 0.95556640625 0.111328125 0.0869140625
0 0.22802734375 0.935546875 0.0419921875 0.126953125
0 0.50048828125 0.9462890625 0.0927734375 0.103515625
0 0.38232421875 0.912109375 0.0869140625 0.1015625
0 0.8466796875 0.90576171875 0.025390625 0.0908203125
0 0.21728515625 0.87548828125 0.0380859375 0.1279296875
0 0.939453125 0.8740234375 0.056640625 0.126953125
0 0.0791015625 0.88232421875 0.068359375 0.1064453125
0 0.84521484375 0.77197265625 0.0419921875 0.1083984375
0 0.2353515625 0.7529296875 0.044921875 0.125
0 0.09228515625 0.73828125 0.0146484375 0.11328125
0 0.64013671875 0.7138671875 0.0791015625 0.099609375
0 0.19189453125 0.69677734375 0.0341796875 0.0908203125
0 0.37841796875 0.66064453125 0.0849609375 0.1279296875
0 0.5517578125 0.6767578125 0.080078125 0.095703125
0 0.45263671875 0.69287109375 0.0712890625 0.0556640625
0 0.26220703125 0.67138671875 0.0126953125 0.0263671875
0 0.14453125 0.6220703125 0.048828125 0.111328125
0 0.205078125 0.6240234375 0.11328125 0.064453125
0 0.26904296875 0.595703125 0.1259765625 0.0390625
0 0.38818359375 0.5517578125 0.0517578125 0.078125
0 0.560546875 0.5458984375 0.099609375 0.087890625
0 0.29931640625 0.54833984375 0.0556640625 0.0810546875
0 0.078125 0.49853515625 0.037109375 0.1279296875
0 0.67724609375 0.5009765625 0.0947265625 0.09765625
0 0.5048828125 0.50537109375 0.1171875 0.0654296875
0 0.57666015625 0.40625 0.1064453125 0.0859375
0 0.2041015625 0.3779296875 0.064453125 0.099609375
0 0.92626953125 0.35986328125 0.1142578125 0.0849609375
0 0.00830078125 0.29541015625 0.0185546875 0.1142578125
0 0.50146484375 0.2900390625 0.1240234375 0.09375
0 0.63818359375 0.25341796875 0.0673828125 0.1337890625
0 0.89990234375 0.29052734375 0.1337890625 0.0322265625
0 0.8994140625 0.2509765625 0.06640625 0.056640625
0 0.36279296875 0.18505859375 0.0810546875 0.1025390625
0 0.2607421875 0.169921875 0.046875 0.11328125
0 0.45556640625 0.15283203125 0.0732421875 0.1162109375
0 0.94970703125 0.1650390625 0.0439453125 0.091796875
0 0.0458984375 0.15869140625 0.09375 0.0810546875
0 0.76904296875 0.13818359375 0.0888671875 0.0966796875
0 0.9814453125 0.1181640625 0.03515625 0.095703125
0 0.85302734375 0.11376953125 0.1064453125 0.0908203125
0 0.27685546875 0.04931640625 0.0654296875 0.1005859375
0 0.62353515625 0.052734375 0.1083984375 0.08984375
0 0.85205078125 0.04443359375 0.0830078125 0.0908203125
0 0.9384765625 0.03369140625 0.1015625 0.0693359375
