0 0.29345703125 0.0302734375 0.0341796875 0.0625
0 0.64794921875 0.0439453125 0.0693359375 0.0859375
0 0.1337890625 0.083984375 0.083984375 0.09765625
0 0.97802734375 0.072265625 0.0419921875 0.0703125
0 0.42431640625 0.10009765625 0.0439453125 0.1181640625
0 0.1416015625 0.0947265625 0.0859375 0.09375
0 0.0380859375 0.10302734375 0.0703125 0.0869140625
0 0.02197265625 0.11181640625 0.0458984375 0.0654296875
0 0.177734375 0.15478515625 0.10546875 0.0869140625
0 0.548828125 0.216796875 0.037109375 0.09765625
0 0.37744140625 0.2265625 0.0224609375 0.115234375
0 0.482421875 0.2314453125 0.01953125 0.099609375
0 0.634765625 0.25927734375 0.025390625 0.1162109375
0 0.181640625 0.2666015625 0.052734375 0.123046875
0 0.85302734375 0.23388671875 0.0146484375 0.0341796875
0 0.2275390625 0.2666015625 0.07421875 0.0859375
0 0.8408203125 0.30517578125 0.02734375 0.1103515625
0 0.5146484375 0.3203125 0.064453125 0.109375
0 0.6865234375 0.34423828125 0.041015625 0.1396484375
0 0.3076171875 0.341796875 0.076171875 0.12890625
0 0.91015625 0.3916015625 0.03125 0.12109375
0 0.16064453125 0.41845703125 0.0185546875 0.1162109375
0 0.88232421875 0.42529296875 0.0576171875 0.1142578125
0 0.38330078125 0.4365234375 0.0283203125 0.12109375
0 0.005859375 0.45703125 0.013671875 0.095703125
0 0.6044921875 0.46337890625 0.06640625 0.0771484375
0 0.9794921875 0.53466796875 0.029296875 0.0947265625
0 0.98486328125 0.71484375 0.0283203125 0.087890625
0 0.95263671875 0.90771484375 0.0263671875 0.1279296875
0 0.9794921875 0.99365234375 0.0390625 0.0107421875
0 0.53271484375 0.51904296875 0.0849609375 0.0986328125
0 0.6240234375 0.5546875 0.08203125 0.107421875
0 0.6796875 0.55078125 0.0625 0.12890625
0 0.7880859375 0.72998046875 0.052734375 0.1259765625
0 0.87158203125 0.72216796875 0.0576171875 0.1279296875
0 0.2294921875 0.4404296875 0.068359375 0.134765625
0 0.27392578125 0.5546875 0.0478515625 0.134765625
0 0.34619140625 0.53564453125 0.0791015625 0.0927734375
0 0.412109375 0.54638671875 0.0546875 0.1162109375
0 0.48388671875 0.6259765625 0.0615234375 0.126953125
0 0.59228515625 0.71435546875 0.0478515625 0.1181640625
0 0.625 0.765625 0.03125 0.1171875
0 0.57568359375 0.80322265625 0.0595703125 0.1455078125
0 0.478515625 0.76708984375 0.08203125 0.1181640625
0 0.408203125 0.75634765625 0.060546875 0.1357421875
0 0.369140625 0.7158203125 0.064453125 0.130859375
0 0.330078125 0.6630859375 0.048828125 0.14453125
0 0.208984375 0.609375 0.076171875 0.1484375
0 0.18798828125 0.654296875 0.0283203125 0.12890625
0 0.15869140625 0.5576171875 0.0595703125 0.16015625
0 0.11181640625 0.55810546875 0.0478515625 0.1376953125
0 0.05419921875 0.423828125 0.0517578125 0.125
0 0.03515625 0.49169921875 0.05078125 0.1279296875
0 0.07568359375 0.56640625 0.1005859375 0.126953125
0 0.05322265625 0.61279296875 0.0537109375 0.1474609375
0 0.13330078125 0.751953125 0.0947265625 0.119140625
0 0.140625 0.755859375 0.052734375 0.0703125
0 0.166015625 0.810546875 0.076171875 0.126953125
0 0.2158203125 0.7958984375 0.15234375 0.07421875
0 0.2646484375 0.74951171875 0.1015625 0.0927734375
0 0.2626953125 0.70458984375 0.078125 0.1044921875
0 0.28759765625 0.771484375 0.0615234375 0.126953125
0 0.29150390625 0.908203125 0.0439453125 0.12890625
0 0.33447265625 0.93994140625 0.0615234375 0.1083984375
0 0.3759765625 0.8720703125 0.0390625 0.14453125
0 0.39306640625 0.923828125 0.0634765625 0.1328125
0 0.419921875 0.91552734375 0.03125 0.1240234375
0 0.435546875 0.91064453125 0.08203125 0.1494140625
0 0.50830078125 0.8818359375 0.0576171875 0.130859375
0 0.59814453125 0.93310546875 0.0888671875 0.1064453125
0 0.67919921875 0.9580078125 0.0302734375 0.0703125
0 0.7236328125 0.84423828125 0.060546875 0.1220703125
0 0.7373046875 0.875 0.04296875 0.1640625
0 0.787109375 0.87353515625 0.046875 0.1689453125
0 0.8115234375 0.96533203125 0.03125 0.0654296875
0 0.19677734375 0.92822265625 0.0869140625 0.0712890625
0 0.056640625 0.8291015625 0.068359375 0.16015625
0 0.01953125 0.88037109375 0.033203125 0.1318359375
0 0.01416015625 0.71875 0.0283203125 0.154296875
0 0.07568359375 0.796875 0.0615234375 0.13671875
0 0.08544921875 0.76806640625 0.0556640625 0.1357421875
0 0.140625 0.8583984375 0.05078125 0.08203125
0 0.09423828125 0.95556640625 0.0419921875 0.0751953125
0 0.1318359375 0.970703125 0.029296875 0.05078125
0 0.1318359375 0.92138671875 0.048828125 0.0927734375
0 0.21484375 0.9677734375 0.03125 0.056640625
0 0.2412109375 0.974609375 0.033203125 0.048828125
0 0.068359375 0.03271484375 0.046875 0.0654296875
0 0.984375 0.236328125 0.029296875 0.068359375
0 0.890625 0.0419921875 0.09765625 0.0859375
0 0.71630859375 0.02587890625 0.0595703125 0.0498046875
0 0.0244140625 0.0341796875 0.04296875 0.068359375
0 0.0068359375 0.01416015625 0.01171875 0.0263671875
0 0.9853515625 0.0361328125 0.02734375 0.041015625
0 0.33837890625 0.02392578125 0.0244140625 0.0498046875
0 0.27490234375 0.0234375 0.0361328125 0.04296875
0 0.30908203125 0.353515625 0.0888671875 0.09375
0 0.49755859375 0.96630859375 0.0498046875 0.0537109375
0 0.5439453125 0.9716796875 0.041015625 0.044921875
0 0.4736328125 0.97900390625 0.0234375 0.0263671875
0 0.1689453125 0.9332275390625 0.033203125 0.110107421875
