0 0.95947265625 0.03271484375 0.0419921875 0.0595703125
0 0.11181640625 0.03173828125 0.1123046875 0.0341796875
0 0.7607421875 0.0556640625 0.0703125 0.0625
0 0.9169921875 0.08544921875 0.1015625 0.0712890625
0 0.26513671875 0.10888671875 0.0888671875 0.0673828125
0 0.38427734375 0.0966796875 0.0791015625 0.03515625
0 0.1640625 0.125 0.0390625 0.044921875
0 0.3271484375 0.150390625 0.099609375 0.04296875
0 0.5380859375 0.1533203125 0.1015625 0.046875
0 0.08935546875 0.1748046875 0.1220703125 0.052734375
0 0.763671875 0.21142578125 0.1171875 0.0595703125
0 0.5771484375 0.24951171875 0.0859375 0.0751953125
0 0.404296875 0.24853515625 0.109375 0.0341796875
0 0.6318359375 0.2841796875 0.09765625 0.07421875
0 0.01318359375 0.30029296875 0.0283203125 0.0615234375
0 0.28564453125 0.3056640625 0.1025390625 0.056640625
0 0.345703125 0.3525390625 0.109375 0.044921875
0 0.5888671875 0.3818359375 0.11328125 0.044921875
0 0.09521484375 0.3681640625 0.0947265625 0.046875
0 0.69140625 0.43310546875 0.037109375 0.0966796875
0 0.93115234375 0.5126953125 0.1181640625 0.064453125
0 0.70751953125 0.55712890625 0.0361328125 0.0439453125
0 0.7841796875 0.5947265625 0.119140625 0.06640625
0 0.66064453125 0.587890625 0.1142578125 0.015625
0 0.103515625 0.61767578125 0.0859375 0.0205078125
0 0.48291015625 0.6298828125 0.0908203125 0.03125
0 0.025390625 0.6240234375 0.052734375 0.013671875
0 0.95751953125 0.63818359375 0.0830078125 0.0263671875
0 0.30517578125 0.6650390625 0.0615234375 0.0625
0 0.40966796875 0.66162109375 0.1396484375 0.0302734375
0 0.0283203125 0.69287109375 0.05859375 0.0634765625
0 0.6845703125 0.69384765625 0.109375 0.0439453125
0 0.50244140625 0.7392578125 0.0966796875 0.029296875
0 0.81201171875 0.76611328125 0.1220703125 0.0244140625
0 0.01953125 0.78857421875 0.041015625 0.0224609375
0 0.2841796875 0.791015625 0.115234375 0.025390625
0 0.8212890625 0.8095703125 0.076171875 0.025390625
0 0.51123046875 0.84228515625 0.0986328125 0.0615234375
0 0.1552734375 0.82763671875 0.111328125 0.0244140625
0 0.5439453125 0.9140625 0.07421875 0.11328125
0 0.71630859375 0.90380859375 0.1103515625 0.0556640625
0 0.080078125 0.8876953125 0.078125 0.021484375
0 0.36181640625 0.97607421875 0.0537109375 0.0458984375
0 0.0322265625 0.4912109375 0.0625 0.04296875
0 0.13232421875 0.51806640625 0.1201171875 0.0517578125
0 0.3359375 0.46044921875 0.0546875 0.0869140625
0 0.42529296875 0.40576171875 0.1201171875 0.0458984375
0 0.46435546875 0.39892578125 0.1123046875 0.0556640625
0 0.22314453125 0.5751953125 0.1123046875 0.056640625
0 0.69580078125 0.4912109375 0.1259765625 0.04296875
0 0.7421875 0.29443359375 0.1015625 0.0673828125
0 0.67138671875 0.0654296875 0.0927734375 0.08203125
0 0.25732421875 0.02685546875 0.0771484375 0.0478515625
0 0.6220703125 0.01611328125 0.064453125 0.0322265625
0 0.90869140625 0.4326171875 0.0693359375 0.076171875
0 0.93896484375 0.23974609375 0.0791015625 0.0693359375
0 0.9169921875 0.30419921875 0.134765625 0.0654296875
0 0.15478515625 0.74853515625 0.1201171875 0.0751953125
0 0.09716796875 0.92919921875 0.1279296875 0.0380859375
0 0.2373046875 0.97607421875 0.109375 0.0458984375
0 0.92919921875 0.716796875 0.0986328125 0.064453125
0 0.01025390625 0.1162109375 0.0224609375 0.037109375
0 0.28515625 0.57080078125 0.109375 0.0634765625
0 0.947265625 0.28076171875 0.095703125 0.0576171875
0 0.90869140625 0.03515625 0.0556640625 0.0703125
