0 0.98388671875 0.99169921875 0.0302734375 0.0146484375
0 0.77001953125 0.97705078125 0.0732421875 0.0439453125
0 0.220703125 0.99560546875 0.021484375 0.0068359375
0 0.265625 0.9775390625 0.052734375 0.04296875
0 0.6162109375 0.9951171875 0.013671875 0.0078125
0 0.4384765625 0.994140625 0.013671875 0.009765625
0 0.67431640625 0.98974609375 0.0166015625 0.0185546875
0 0.4091796875 0.97412109375 0.064453125 0.0498046875
0 0.15576171875 0.98974609375 0.0205078125 0.0185546875
0 0.3271484375 0.984375 0.06640625 0.029296875
0 0.22314453125 0.9892578125 0.0283203125 0.017578125
0 0.3642578125 0.98876953125 0.033203125 0.0126953125
0 0.72216796875 0.98046875 0.0244140625 0.01953125
0 0.61328125 0.97607421875 0.03515625 0.0263671875
0 0.5458984375 0.97607421875 0.013671875 0.0205078125
0 0.1943359375 0.97802734375 0.0390625 0.0166015625
0 0.11767578125 0.97802734375 0.0205078125 0.0166015625
0 0.96435546875 0.97705078125 0.0126953125 0.0146484375
0 0.326171875 0.97119140625 0.0390625 0.0224609375
0 0.8837890625 0.97216796875 0.013671875 0.0185546875
0 0.22900390625 0.96923828125 0.0126953125 0.0205078125
0 0.509765625 0.9619140625 0.046875 0.025390625
0 0.76220703125 0.947265625 0.0947265625 0.05078125
0 0.64013671875 0.9345703125 0.0166015625 0.068359375
0 0.29833984375 0.943359375 0.0537109375 0.03125
0 0.2724609375 0.95263671875 0.013671875 0.0126953125
0 0.2490234375 0.9375 0.037109375 0.041015625
0 0.55029296875 0.947265625 0.0185546875 0.01171875
0 0.17626953125 0.9423828125 0.0185546875 0.017578125
0 0.21484375 0.93505859375 0.04296875 0.0224609375
0 0.95654296875 0.91015625 0.0849609375 0.064453125
0 0.0927734375 0.927734375 0.052734375 0.029296875
0 0.4443359375 0.900390625 0.087890625 0.072265625
0 0.33544921875 0.92236328125 0.0810546875 0.0126953125
0 0.04345703125 0.919921875 0.0205078125 0.013671875
0 0.814453125 0.88427734375 0.05078125 0.0830078125
0 0.07470703125 0.91259765625 0.0361328125 0.0244140625
0 0.1875 0.91357421875 0.017578125 0.0166015625
0 0.83642578125 0.8837890625 0.0498046875 0.07421875
0 0.79248046875 0.912109375 0.0263671875 0.01171875
0 0.1796875 0.89453125 0.013671875 0.033203125
0 0.29931640625 0.896484375 0.1103515625 0.0234375
0 0.701171875 0.8916015625 0.0234375 0.017578125
0 0.3779296875 0.88916015625 0.068359375 0.0146484375
0 0.61181640625 0.8642578125 0.1103515625 0.0625
0 0.52392578125 0.88623046875 0.0126953125 0.0126953125
0 0.11376953125 0.87744140625 0.0146484375 0.0205078125
0 0.25830078125 0.8740234375 0.1083984375 0.021484375
0 0.0966796875 0.87451171875 0.017578125 0.0185546875
0 0.3515625 0.86083984375 0.080078125 0.0361328125
0 0.68359375 0.85986328125 0.080078125 0.0361328125
0 0.99755859375 0.86669921875 0.0029296875 0.0185546875
0 0.0859375 0.8662109375 0.015625 0.01953125
0 0.40234375 0.8662109375 0.029296875 0.017578125
0 0.06884765625 0.861328125 0.0185546875 0.021484375
0 0.26806640625 0.84814453125 0.0673828125 0.0380859375
0 0.89892578125 0.849609375 0.0400390625 0.03125
0 0.03125 0.84619140625 0.017578125 0.0205078125
0 0.3701171875 0.84619140625 0.0234375 0.0185546875
0 0.98876953125 0.82763671875 0.0205078125 0.0517578125
0 0.01513671875 0.84130859375 0.0166015625 0.0185546875
0 0.412109375 0.8154296875 0.0625 0.060546875
0 0.005859375 0.83349609375 0.013671875 0.0205078125
0 0.31103515625 0.83642578125 0.0283203125 0.0087890625
0 0.55908203125 0.822265625 0.0673828125 0.03515625
0 0.19091796875 0.822265625 0.0439453125 0.015625
0 0.13671875 0.8115234375 0.11328125 0.037109375
0 0.78662109375 0.8154296875 0.0205078125 0.017578125
0 0.3125 0.79931640625 0.12890625 0.0283203125
0 0.5693359375 0.80712890625 0.025390625 0.0107421875
0 0.22119140625 0.802734375 0.0439453125 0.017578125
0 0.9189453125 0.80224609375 0.025390625 0.0126953125
0 0.72412109375 0.765625 0.0927734375 0.08203125
0 0.86181640625 0.7470703125 0.0869140625 0.103515625
0 0.8505859375 0.7763671875 0.021484375 0.041015625
0 0.07958984375 0.79052734375 0.0478515625 0.0107421875
0 0.1162109375 0.7822265625 0.048828125 0.017578125
0 0.306640625 0.75048828125 0.14453125 0.0732421875
0 0.1826171875 0.7685546875 0.048828125 0.01953125
0 0.22216796875 0.75634765625 0.1005859375 0.0361328125
0 0.40234375 0.73193359375 0.11328125 0.0712890625
0 0.1484375 0.75732421875 0.033203125 0.0205078125
0 0.32666015625 0.732421875 0.0087890625 0.0546875
0 0.486328125 0.724609375 0.013671875 0.01953125
0 0.90478515625 0.7236328125 0.0244140625 0.013671875
0 0.13037109375 0.71044921875 0.0791015625 0.0361328125
0 0.072265625 0.70556640625 0.091796875 0.0341796875
0 0.26611328125 0.69287109375 0.0634765625 0.0576171875
0 0.6826171875 0.70458984375 0.037109375 0.0302734375
0 0.77734375 0.68896484375 0.0859375 0.0576171875
0 0.41845703125 0.69189453125 0.0107421875 0.0361328125
0 0.140625 0.6865234375 0.03515625 0.04296875
0 0.58984375 0.6708984375 0.09375 0.072265625
0 0.23095703125 0.6796875 0.0517578125 0.0546875
0 0.32861328125 0.697265625 0.0126953125 0.013671875
0 0.27490234375 0.68017578125 0.0693359375 0.0458984375
0 0.61669921875 0.6787109375 0.0380859375 0.046875
0 0.05322265625 0.68505859375 0.0908203125 0.0322265625
0 0.21484375 0.68896484375 0.029296875 0.0224609375
0 0.0 0.69091796875 0.001953125 0.0185546875
0 0.47607421875 0.68212890625 0.0908203125 0.0126953125
0 0.6591796875 0.64208984375 0.048828125 0.0869140625
0 0.47998046875 0.66845703125 0.0380859375 0.0205078125
0 0.4072265625 0.66748046875 0.05859375 0.0224609375
0 0.18310546875 0.65380859375 0.0478515625 0.0341796875
0 0.0224609375 0.630859375 0.046875 0.080078125
0 0.7822265625 0.63232421875 0.0859375 0.0634765625
0 0.7421875 0.64892578125 0.046875 0.0185546875
0 0.30712890625 0.64013671875 0.0185546875 0.0244140625
0 0.19921875 0.60986328125 0.09375 0.0771484375
0 0.11376953125 0.642578125 0.0185546875 0.01171875
0 0.71533203125 0.630859375 0.0166015625 0.013671875
0 0.6171875 0.6162109375 0.103515625 0.03125
0 0.533203125 0.619140625 0.025390625 0.0234375
0 0.12255859375 0.5986328125 0.0341796875 0.0390625
0 0.09375 0.58251953125 0.076171875 0.0595703125
0 0.51318359375 0.58447265625 0.0712890625 0.0439453125
0 0.2685546875 0.5986328125 0.021484375 0.015625
0 0.28564453125 0.57763671875 0.0458984375 0.0517578125
0 0.69775390625 0.568359375 0.0712890625 0.0546875
0 0.57080078125 0.58642578125 0.0751953125 0.0126953125
0 0.7353515625 0.578125 0.0390625 0.02734375
0 0.345703125 0.57373046875 0.103515625 0.0322265625
0 0.95849609375 0.541015625 0.0810546875 0.087890625
0 0.58154296875 0.568359375 0.0908203125 0.029296875
0 0.4599609375 0.57470703125 0.076171875 0.0146484375
0 0.037109375 0.56884765625 0.02734375 0.0205078125
0 0.8056640625 0.5654296875 0.095703125 0.0234375
0 0.1298828125 0.54541015625 0.083984375 0.0556640625
0 0.2275390625 0.5361328125 0.064453125 0.064453125
0 0.06298828125 0.55908203125 0.0166015625 0.0107421875
0 0.01171875 0.5458984375 0.025390625 0.033203125
0 0.4638671875 0.53662109375 0.037109375 0.0244140625
0 0.28466796875 0.5361328125 0.0341796875 0.015625
0 0.32763671875 0.51806640625 0.1142578125 0.0439453125
0 0.9052734375 0.52197265625 0.041015625 0.0322265625
0 0.0791015625 0.5234375 0.083984375 0.01953125
0 0.75146484375 0.5068359375 0.0791015625 0.044921875
0 0.81005859375 0.5185546875 0.0224609375 0.009765625
0 0.513671875 0.517578125 0.033203125 0.01171875
0 0.49169921875 0.494140625 0.1103515625 0.052734375
0 0.3037109375 0.4921875 0.064453125 0.052734375
0 0.07470703125 0.4990234375 0.0263671875 0.037109375
0 0.134765625 0.50732421875 0.041015625 0.0185546875
0 0.029296875 0.50830078125 0.021484375 0.0126953125
0 0.0947265625 0.50830078125 0.021484375 0.0087890625
0 0.98828125 0.4462890625 0.021484375 0.10546875
0 0.60302734375 0.47607421875 0.0986328125 0.0458984375
0 0.96875 0.47705078125 0.02734375 0.0400390625
0 0.89990234375 0.486328125 0.0126953125 0.01953125
0 0.0849609375 0.45263671875 0.125 0.0537109375
0 0.56005859375 0.46435546875 0.0537109375 0.0244140625
0 0.0078125 0.455078125 0.017578125 0.04296875
0 0.302734375 0.431640625 0.1328125 0.068359375
0 0.607421875 0.41748046875 0.015625 0.0908203125
0 0.42236328125 0.4541015625 0.0185546875 0.01171875
0 0.1484375 0.447265625 0.01953125 0.01953125
0 0.8828125 0.4482421875 0.017578125 0.01171875
0 0.326171875 0.4306640625 0.048828125 0.03125
0 0.09228515625 0.44140625 0.0341796875 0.0078125
0 0.0068359375 0.43115234375 0.015625 0.0185546875
0 0.533203125 0.40283203125 0.0703125 0.0634765625
0 0.1005859375 0.42626953125 0.09765625 0.0166015625
0 0.9306640625 0.38671875 0.080078125 0.09375
0 0.439453125 0.4150390625 0.09375 0.033203125
0 0.564453125 0.41064453125 0.0546875 0.0361328125
0 0.6708984375 0.40087890625 0.068359375 0.0478515625
0 0.3134765625 0.40380859375 0.01953125 0.0107421875
0 0.505859375 0.39013671875 0.017578125 0.0341796875
0 0.13720703125 0.396484375 0.1044921875 0.017578125
0 0.04443359375 0.39453125 0.0498046875 0.01171875
0 0.3623046875 0.38232421875 0.072265625 0.0263671875
0 0.5927734375 0.37890625 0.021484375 0.01953125
0 0.04833984375 0.3740234375 0.0966796875 0.021484375
0 0.6279296875 0.35302734375 0.068359375 0.0615234375
0 0.8505859375 0.36474609375 0.072265625 0.0302734375
0 0.2470703125 0.36279296875 0.021484375 0.0205078125
0 0.31982421875 0.35205078125 0.0888671875 0.0380859375
0 0.5771484375 0.36279296875 0.013671875 0.0126953125
0 0.78173828125 0.3544921875 0.0693359375 0.02734375
0 0.03857421875 0.34765625 0.0791015625 0.033203125
0 0.2607421875 0.30224609375 0.060546875 0.1142578125
0 0.0029296875 0.34375 0.0078125 0.021484375
0 0.5009765625 0.34033203125 0.08984375 0.0185546875
0 0.82568359375 0.3349609375 0.0673828125 0.025390625
0 0.67529296875 0.3125 0.0693359375 0.0703125
0 0.98095703125 0.33740234375 0.0361328125 0.0107421875
0 0.0859375 0.33740234375 0.021484375 0.0087890625
0 0.3583984375 0.32373046875 0.037109375 0.0283203125
0 0.5244140625 0.31787109375 0.1015625 0.0341796875
0 0.02783203125 0.32861328125 0.0576171875 0.0126953125
0 0.1611328125 0.314453125 0.083984375 0.02734375
0 0.28759765625 0.30078125 0.0224609375 0.048828125
0 0.708984375 0.3125 0.029296875 0.017578125
0 0.32373046875 0.314453125 0.0166015625 0.009765625
0 0.91943359375 0.294921875 0.0185546875 0.046875
0 0.55517578125 0.28857421875 0.0673828125 0.0517578125
0 0.03662109375 0.298828125 0.0751953125 0.03125
0 0.388671875 0.29931640625 0.10546875 0.0283203125
0 0.224609375 0.28076171875 0.07421875 0.0615234375
0 0.525390625 0.29931640625 0.03125 0.0068359375
0 0.4697265625 0.29052734375 0.033203125 0.0146484375
0 0.99169921875 0.28515625 0.0146484375 0.017578125
0 0.70361328125 0.2802734375 0.0810546875 0.025390625
0 0.8193359375 0.2724609375 0.03515625 0.03515625
0 0.177734375 0.2822265625 0.015625 0.013671875
0 0.8955078125 0.26953125 0.09765625 0.03515625
0 0.10693359375 0.27392578125 0.0400390625 0.0146484375
0 0.65380859375 0.255859375 0.0986328125 0.04296875
0 0.16796875 0.2607421875 0.02734375 0.0234375
0 0.31005859375 0.26123046875 0.0341796875 0.0166015625
0 0.3720703125 0.25634765625 0.025390625 0.0205078125
0 0.3974609375 0.2177734375 0.119140625 0.08203125
0 0.77783203125 0.23681640625 0.0517578125 0.0419921875
0 0.38037109375 0.2392578125 0.0751953125 0.029296875
0 0.03955078125 0.23779296875 0.0810546875 0.0283203125
0 0.89501953125 0.23583984375 0.0419921875 0.0302734375
0 0.94482421875 0.1962890625 0.0576171875 0.095703125
0 0.18310546875 0.23388671875 0.0498046875 0.0146484375
0 0.31005859375 0.2314453125 0.0634765625 0.017578125
0 0.595703125 0.21435546875 0.048828125 0.0380859375
0 0.05126953125 0.22314453125 0.0673828125 0.0146484375
0 0.4892578125 0.19677734375 0.072265625 0.0478515625
0 0.74365234375 0.16845703125 0.0712890625 0.0986328125
0 0.8525390625 0.1787109375 0.03515625 0.068359375
0 0.611328125 0.19970703125 0.025390625 0.0244140625
0 0.00341796875 0.205078125 0.0087890625 0.01171875
0 0.21923828125 0.2021484375 0.0205078125 0.013671875
0 0.81005859375 0.17138671875 0.0712890625 0.0673828125
0 0.66796875 0.17724609375 0.07421875 0.0537109375
0 0.52783203125 0.185546875 0.0634765625 0.03125
0 0.31884765625 0.19189453125 0.0185546875 0.0126953125
0 0.16796875 0.1923828125 0.041015625 0.01171875
0 0.01025390625 0.185546875 0.0224609375 0.013671875
0 0.0869140625 0.1826171875 0.0703125 0.015625
0 0.56201171875 0.17431640625 0.0224609375 0.0205078125
0 0.140625 0.15966796875 0.076171875 0.0439453125
0 0.09228515625 0.15771484375 0.1279296875 0.0458984375
0 0.68896484375 0.15966796875 0.0712890625 0.0341796875
0 0.97119140625 0.14404296875 0.0556640625 0.0576171875
0 0.033203125 0.1640625 0.068359375 0.015625
0 0.3818359375 0.14599609375 0.06640625 0.0439453125
0 0.3701171875 0.15869140625 0.025390625 0.0146484375
0 0.3251953125 0.1455078125 0.033203125 0.029296875
0 0.50390625 0.15234375 0.021484375 0.009765625
0 0.45166015625 0.1484375 0.0224609375 0.009765625
0 0.2998046875 0.14501953125 0.017578125 0.0087890625
0 0.47998046875 0.14306640625 0.0244140625 0.0107421875
0 0.4248046875 0.1396484375 0.017578125 0.01171875
0 0.0166015625 0.1328125 0.013671875 0.013671875
0 0.76708984375 0.126953125 0.0224609375 0.015625
0 0.18994140625 0.1083984375 0.0869140625 0.052734375
0 0.423828125 0.11962890625 0.09375 0.0283203125
0 0.28515625 0.123046875 0.0625 0.01953125
0 0.87548828125 0.10107421875 0.1064453125 0.0361328125
0 0.12646484375 0.109375 0.0224609375 0.013671875
0 0.6826171875 0.10498046875 0.08984375 0.0185546875
0 0.62548828125 0.09228515625 0.0126953125 0.0126953125
0 0.52392578125 0.08935546875 0.0302734375 0.0126953125
0 0.2109375 0.08056640625 0.021484375 0.0263671875
0 0.662109375 0.08544921875 0.048828125 0.0107421875
0 0.2685546875 0.0791015625 0.02734375 0.01171875
0 0.87060546875 0.06982421875 0.0341796875 0.0205078125
0 0.36572265625 0.04345703125 0.0791015625 0.0673828125
0 0.6982421875 0.0703125 0.046875 0.01171875
0 0.0556640625 0.04150390625 0.11328125 0.0673828125
0 0.8134765625 0.0615234375 0.021484375 0.009765625
0 0.18212890625 0.0546875 0.0498046875 0.021484375
0 0.62548828125 0.05712890625 0.0498046875 0.0126953125
0 -0.0009765625 0.0498046875 0.0 0.025390625
0 0.8173828125 0.0302734375 0.05859375 0.0625
0 0.27783203125 0.029296875 0.1279296875 0.05859375
0 0.134765625 0.0498046875 0.02734375 0.017578125
0 0.54443359375 0.03857421875 0.0908203125 0.0302734375
0 0.91064453125 0.02685546875 0.0810546875 0.0400390625
0 0.93603515625 0.03076171875 0.0283203125 0.0126953125
0 0.29736328125 0.01513671875 0.0400390625 0.0205078125
0 0.13427734375 0.01416015625 0.0478515625 0.0146484375
0 0.08740234375 0.01416015625 0.0205078125 0.0126953125
0 0.4853515625 0.00830078125 0.083984375 0.0185546875
