0 0.234375 0.1728515625 0.1015625 0.064453125
0 0.1640625 0.171875 0.1171875 0.03515625
0 0.10546875 0.22705078125 0.134765625 0.0361328125
0 0.2763671875 0.2490234375 0.142578125 0.029296875
0 0.21923828125 0.29833984375 0.0830078125 0.0927734375
0 0.240234375 0.3720703125 0.068359375 0.072265625
0 0.1533203125 0.4111328125 0.11328125 0.0625
0 0.1572265625 0.4736328125 0.138671875 0.052734375
0 0.03515625 0.4541015625 0.06640625 0.068359375
0 0.0517578125 0.0166015625 0.103515625 0.03125
0 0.3515625 0.099609375 0.1171875 0.037109375
0 0.3466796875 0.13232421875 0.12109375 0.0439453125
0 0.43408203125 0.109375 0.1396484375 0.0390625
0 0.3349609375 0.01123046875 0.044921875 0.0185546875
0 0.58935546875 0.0634765625 0.0927734375 0.095703125
0 0.5986328125 0.11376953125 0.11328125 0.0654296875
0 0.6982421875 0.095703125 0.119140625 0.046875
0 0.8037109375 0.0390625 0.134765625 0.041015625
0 0.9775390625 0.0302734375 0.03515625 0.037109375
0 0.9658203125 0.08154296875 0.06640625 0.0458984375
0 0.92529296875 0.1923828125 0.1083984375 0.037109375
0 0.97119140625 0.1943359375 0.0556640625 0.046875
0 0.86474609375 0.12646484375 0.1435546875 0.0595703125
0 0.77978515625 0.1748046875 0.1240234375 0.048828125
0 0.80419921875 0.2509765625 0.1474609375 0.04296875
0 0.814453125 0.2822265625 0.12109375 0.056640625
0 0.6337890625 0.2080078125 0.138671875 0.056640625
0 0.9755859375 0.12158203125 0.048828125 0.0400390625
0 0.4638671875 0.16845703125 0.123046875 0.0439453125
0 0.49560546875 0.14501953125 0.1025390625 0.0927734375
0 0.4365234375 0.19140625 0.05859375 0.046875
0 0.43408203125 0.23974609375 0.1201171875 0.0771484375
0 0.44091796875 0.2998046875 0.0927734375 0.080078125
0 0.45849609375 0.37158203125 0.1083984375 0.0634765625
0 0.35400390625 0.41015625 0.1435546875 0.041015625
0 0.37353515625 0.4306640625 0.1240234375 0.04296875
0 0.552734375 0.3701171875 0.119140625 0.03515625
0 0.58837890625 0.3037109375 0.1337890625 0.0390625
0 0.81787109375 0.37255859375 0.1357421875 0.0439453125
0 0.95166015625 0.2646484375 0.0986328125 0.0625
0 0.95458984375 0.3154296875 0.0888671875 0.0390625
0 0.93017578125 0.384765625 0.0537109375 0.03125
0 0.97802734375 0.38818359375 0.0419921875 0.0439453125
0 0.86474609375 0.4921875 0.1376953125 0.04296875
0 0.78759765625 0.41259765625 0.1376953125 0.0595703125
0 0.62744140625 0.43603515625 0.1259765625 0.0302734375
0 0.6357421875 0.44873046875 0.15234375 0.0302734375
0 0.5126953125 0.4970703125 0.1484375 0.0390625
0 0.43994140625 0.52587890625 0.1142578125 0.0615234375
0 0.50732421875 0.541015625 0.0791015625 0.068359375
0 0.658203125 0.53955078125 0.119140625 0.0517578125
0 0.71142578125 0.5673828125 0.1083984375 0.0390625
0 0.6279296875 0.6103515625 0.1171875 0.05078125
0 0.68994140625 0.59716796875 0.1259765625 0.0576171875
0 0.82763671875 0.60009765625 0.1142578125 0.0380859375
0 0.2001953125 0.54638671875 0.130859375 0.0576171875
0 0.21044921875 0.5654296875 0.0908203125 0.05078125
0 0.1650390625 0.611328125 0.107421875 0.080078125
0 0.13037109375 0.76513671875 0.1318359375 0.0439453125
0 0.24609375 0.65869140625 0.10546875 0.0615234375
0 0.27978515625 0.6572265625 0.1005859375 0.052734375
0 0.3798828125 0.599609375 0.10546875 0.07421875
0 0.39453125 0.62939453125 0.09375 0.0654296875
0 0.4501953125 0.646484375 0.154296875 0.048828125
0 0.35205078125 0.7578125 0.1298828125 0.060546875
0 0.24658203125 0.7998046875 0.0751953125 0.091796875
0 0.24658203125 0.85205078125 0.0576171875 0.1083984375
0 0.3232421875 0.94287109375 0.080078125 0.0712890625
0 0.39990234375 0.8515625 0.1044921875 0.06640625
0 0.40283203125 0.8310546875 0.0908203125 0.1015625
0 0.50244140625 0.859375 0.1162109375 0.060546875
0 0.546875 0.75146484375 0.12890625 0.0654296875
0 0.515625 0.689453125 0.125 0.04296875
0 0.51025390625 0.67724609375 0.1337890625 0.0322265625
0 0.78759765625 0.66552734375 0.1435546875 0.0322265625
0 0.9140625 0.64306640625 0.1328125 0.0478515625
0 0.6875 0.72265625 0.126953125 0.029296875
0 0.708984375 0.716796875 0.123046875 0.056640625
0 0.7705078125 0.69384765625 0.10546875 0.0302734375
0 0.841796875 0.68896484375 0.0703125 0.0537109375
0 0.658203125 0.82275390625 0.048828125 0.1337890625
0 0.63037109375 0.87890625 0.1279296875 0.046875
0 0.46240234375 0.97802734375 0.0498046875 0.0439453125
0 0.642578125 0.974609375 0.216796875 0.0390625
0 0.72412109375 0.94287109375 0.1201171875 0.0595703125
0 0.7939453125 0.974609375 0.138671875 0.048828125
0 0.953125 0.94775390625 0.091796875 0.0869140625
0 0.92236328125 0.89453125 0.1181640625 0.0546875
0 0.91650390625 0.8623046875 0.0751953125 0.05078125
0 0.94091796875 0.82666015625 0.1162109375 0.0517578125
0 0.70751953125 0.7900390625 0.1396484375 0.041015625
0 0.83740234375 0.79296875 0.1435546875 0.04296875
0 0.97021484375 0.732421875 0.0576171875 0.05078125
0 0.94677734375 0.52392578125 0.0947265625 0.0322265625
0 0.96728515625 0.46484375 0.0556640625 0.044921875
0 0.9736328125 0.47607421875 0.0390625 0.0263671875
0 0.98681640625 0.6943359375 0.0166015625 0.025390625
0 0.9462890625 0.6826171875 0.087890625 0.0625
0 0.84619140625 0.7431640625 0.1181640625 0.04296875
0 0.87255859375 0.75537109375 0.1103515625 0.0732421875
0 0.6689453125 0.87451171875 0.10546875 0.0439453125
0 0.81103515625 0.8466796875 0.1396484375 0.05859375
0 0.77978515625 0.86572265625 0.1318359375 0.0380859375
0 0.6767578125 0.85595703125 0.1328125 0.0947265625
0 0.07568359375 0.60107421875 0.1044921875 0.0478515625
0 0.982421875 0.9580078125 0.029296875 0.02734375
