0 0.1357421875 0.90966796875 0.095703125 0.0322265625
0 0.15234375 0.77490234375 0.1015625 0.0400390625
0 0.02587890625 0.74853515625 0.0537109375 0.0224609375
0 0.26708984375 0.74365234375 0.0771484375 0.0087890625
0 0.43212890625 0.68603515625 0.0302734375 0.0732421875
0 0.080078125 0.7080078125 0.115234375 0.01953125
0 0.0234375 0.6591796875 0.033203125 0.1171875
0 0.61474609375 0.654296875 0.0146484375 0.029296875
0 0.21923828125 0.5595703125 0.0869140625 0.109375
0 0.462890625 0.5849609375 0.11328125 0.01953125
0 0.16015625 0.56982421875 0.07421875 0.0302734375
0 0.0751953125 0.560546875 0.0546875 0.017578125
0 0.3037109375 0.5302734375 0.087890625 0.029296875
0 0.67822265625 0.498046875 0.0224609375 0.076171875
0 0.81103515625 0.501953125 0.0615234375 0.0546875
0 0.060546875 0.501953125 0.123046875 0.052734375
0 0.00537109375 0.49609375 0.0126953125 0.052734375
0 0.55615234375 0.4580078125 0.1064453125 0.0546875
0 0.76025390625 0.43994140625 0.0458984375 0.0712890625
0 0.32275390625 0.45361328125 0.1083984375 0.0439453125
0 0.00927734375 0.4384765625 0.0205078125 0.044921875
0 0.16650390625 0.4375 0.0830078125 0.021484375
0 0.03759765625 0.39404296875 0.0673828125 0.0478515625
0 0.29443359375 0.4052734375 0.0400390625 0.015625
0 0.669921875 0.37158203125 0.03125 0.0419921875
0 0.00390625 0.32275390625 0.009765625 0.1220703125
0 0.62060546875 0.3701171875 0.0849609375 0.025390625
0 0.91650390625 0.31884765625 0.0283203125 0.0693359375
0 0.18798828125 0.31298828125 0.0732421875 0.0419921875
0 0.29443359375 0.2861328125 0.0810546875 0.07421875
0 0.18896484375 0.27587890625 0.0888671875 0.0888671875
0 0.9873046875 0.28515625 0.0234375 0.068359375
0 -0.0009765625 0.24462890625 0.0 0.0849609375
0 0.17626953125 0.18701171875 0.0224609375 0.1123046875
0 0.4619140625 0.20654296875 0.103515625 0.0595703125
0 0.0322265625 0.06689453125 0.0546875 0.1318359375
0 0.18212890625 0.07080078125 0.0361328125 0.0810546875
0 0.3564453125 0.060546875 0.0703125 0.0625
0 0.53564453125 0.033203125 0.0380859375 0.029296875
0 0.41455078125 0.01513671875 0.0400390625 0.0322265625
0 0.28466796875 0.00830078125 0.0126953125 0.0185546875
