0 0.28271484375 0.1162109375 0.0302734375 0.095703125
0 0.21923828125 0.08447265625 0.0556640625 0.1083984375
0 0.169921875 0.03955078125 0.07421875 0.0751953125
0 0.15234375 0.25048828125 0.11328125 0.0869140625
0 0.19091796875 0.3359375 0.0732421875 0.0625
0 0.2568359375 0.380859375 0.14453125 0.056640625
0 0.05712890625 0.36865234375 0.0869140625 0.1025390625
0 0.1171875 0.3583984375 0.078125 0.078125
0 0.4501953125 0.38525390625 0.080078125 0.0810546875
0 0.49169921875 0.44921875 0.0478515625 0.083984375
0 0.65478515625 0.30712890625 0.0830078125 0.0927734375
0 0.724609375 0.1884765625 0.0625 0.083984375
0 0.6650390625 0.15234375 0.072265625 0.08203125
0 0.7890625 0.03955078125 0.060546875 0.0771484375
0 0.81689453125 0.06396484375 0.0498046875 0.0986328125
0 0.88623046875 0.224609375 0.0830078125 0.056640625
0 0.9677734375 0.056640625 0.06640625 0.056640625
0 0.70849609375 0.556640625 0.0849609375 0.08984375
0 0.87060546875 0.48291015625 0.0517578125 0.1142578125
0 0.83837890625 0.51318359375 0.0361328125 0.0966796875
0 0.88525390625 0.62060546875 0.0927734375 0.0849609375
0 0.88525390625 0.7666015625 0.0615234375 0.119140625
0 0.53466796875 0.80029296875 0.0908203125 0.0673828125
0 0.3388671875 0.6259765625 0.109375 0.05859375
0 0.2978515625 0.4775390625 0.07421875 0.091796875
0 0.17724609375 0.5234375 0.1064453125 0.05859375
0 0.0673828125 0.62158203125 0.05859375 0.0634765625
0 0.146484375 0.67724609375 0.05859375 0.0634765625
0 0.09228515625 0.7138671875 0.0458984375 0.06640625
0 0.033203125 0.73681640625 0.046875 0.0634765625
0 0.0126953125 0.748046875 0.025390625 0.052734375
0 0.15576171875 0.83544921875 0.1123046875 0.0732421875
0 0.15234375 0.84326171875 0.091796875 0.0478515625
0 0.32177734375 0.74462890625 0.0947265625 0.0400390625
0 0.39697265625 0.78173828125 0.0576171875 0.0830078125
0 0.24951171875 0.955078125 0.0654296875 0.08203125
0 0.22119140625 0.833984375 0.0634765625 0.064453125
0 0.59521484375 0.87890625 0.0634765625 0.087890625
0 0.58837890625 0.96630859375 0.1123046875 0.0322265625
0 0.7607421875 0.97412109375 0.052734375 0.0517578125
0 0.78125 0.95068359375 0.03515625 0.0341796875
0 0.3154296875 0.31201171875 0.103515625 0.0556640625
0 0.01708984375 0.6215582937002182 0.0361328125 0.0674302875995636
