0 0.56787109375 0.0234375 0.0869140625 0.048828125
0 0.685546875 0.0693359375 0.01953125 0.083984375
0 0.0166015625 0.11376953125 0.03515625 0.1259765625
0 0.31005859375 0.126953125 0.0478515625 0.134765625
0 0.8896484375 0.158203125 0.025390625 0.12890625
0 0.681640625 0.17333984375 0.046875 0.1357421875
0 0.59814453125 0.2177734375 0.0888671875 0.091796875
0 0.8251953125 0.25634765625 0.0234375 0.1142578125
0 0.97607421875 0.236328125 0.0419921875 0.05859375
0 0.10205078125 0.2593994140625 0.0517578125 0.141357421875
0 0.955078125 0.25732421875 0.087890625 0.0400390625
0 0.79150390625 0.30078125 0.0693359375 0.109375
0 0.8955078125 0.30419921875 0.1015625 0.1142578125
0 0.77099609375 0.33154296875 0.0830078125 0.1455078125
0 0.41064453125 0.3505859375 0.0654296875 0.15234375
0 0.01513671875 0.3447265625 0.0322265625 0.099609375
0 0.49755859375 0.345703125 0.0595703125 0.099609375
0 0.8994140625 0.3720703125 0.017578125 0.107421875
0 0.95849609375 0.37451171875 0.0810546875 0.0244140625
0 0.91259765625 0.47412109375 0.0224609375 0.1005859375
0 0.458984375 0.48583984375 0.05078125 0.1181640625
0 0.6025390625 0.48828125 0.052734375 0.109375
0 0.5478515625 0.49658203125 0.068359375 0.0966796875
0 0.232421875 0.52783203125 0.05859375 0.1416015625
0 0.767578125 0.494140625 0.046875 0.046875
0 0.3515625 0.5244140625 0.0390625 0.080078125
0 0.193359375 0.54541015625 0.02734375 0.1103515625
0 0.7880859375 0.5400390625 0.125 0.046875
0 0.94140625 0.5517578125 0.115234375 0.03515625
0 0.07275390625 0.60400390625 0.0810546875 0.1376953125
0 0.53076171875 0.54150390625 0.0751953125 0.1220703125
0 0.37451171875 0.60498046875 0.0458984375 0.0947265625
0 0.62939453125 0.62158203125 0.0380859375 0.1005859375
0 0.44189453125 0.66845703125 0.0244140625 0.1318359375
0 0.3681640625 0.6904296875 0.0546875 0.162109375
0 0.322265625 0.66650390625 0.02734375 0.0849609375
0 0.2890625 0.669921875 0.025390625 0.087890625
0 0.89404296875 0.724609375 0.0517578125 0.169921875
0 0.98828125 0.7177734375 0.021484375 0.095703125
0 0.52294921875 0.80322265625 0.0439453125 0.1435546875
0 0.2255859375 0.7890625 0.05078125 0.087890625
0 0.1865234375 0.787109375 0.05859375 0.044921875
0 0.97314453125 0.82861328125 0.0517578125 0.1259765625
0 0.13037109375 0.79736328125 0.1025390625 0.0595703125
0 0.314453125 0.8330078125 0.046875 0.1171875
0 0.3779296875 0.86767578125 0.0234375 0.1259765625
0 0.19921875 0.81884765625 0.03515625 0.0205078125
0 0.251953125 0.82763671875 0.091796875 0.0322265625
0 0.1630859375 0.84375 0.07421875 0.0234375
0 0.59765625 0.8955078125 0.18359375 0.0546875
0 0.59228515625 0.9287109375 0.0888671875 0.025390625
0 0.5283203125 0.95703125 0.037109375 0.078125
0 0.8974609375 0.9599609375 0.107421875 0.078125
0 0.27001953125 0.94921875 0.0927734375 0.021484375
0 0.19677734375 0.9716796875 0.0146484375 0.0546875
0 0.71728515625 0.708984375 0.1533203125 0.06640625
0 0.8046875 0.79296875 0.060546875 0.12109375
0 0.650390625 0.75146484375 0.09375 0.1162109375
0 0.69580078125 0.77880859375 0.1552734375 0.0751953125
0 0.6337890625 0.8369140625 0.12890625 0.076171875
0 0.08544921875 0.88671875 0.1220703125 0.078125
0 0.1298828125 0.94677734375 0.072265625 0.0986328125
0 0.14501953125 0.97021484375 0.0556640625 0.0576171875
0 0.470703125 0.927734375 0.056640625 0.130859375
0 0.6201171875 0.88818359375 0.123046875 0.0556640625
0 0.57666015625 0.896484375 0.1669921875 0.029296875
0 0.5439453125 0.96533203125 0.0390625 0.0654296875
0 0.93310546875 0.8935546875 0.1220703125 0.060546875
0 0.81884765625 0.044921875 0.0673828125 0.080078125
0 0.205078125 0.06982421875 0.06640625 0.1376953125
0 0.28857421875 0.37158203125 0.1396484375 0.1162109375
0 0.736328125 0.60595703125 0.11328125 0.1005859375
0 0.796875 0.6748046875 0.11328125 0.111328125
0 0.78759765625 0.61865234375 0.1142578125 0.0830078125
0 0.1064453125 0.55078125 0.08203125 0.10546875
0 0.13916015625 0.6787109375 0.0576171875 0.13671875
0 0.9013671875 0.2880859375 0.08203125 0.078125
0 0.9423828125 0.412109375 0.07421875 0.10546875
0 0.466796875 0.57373046875 0.052734375 0.1552734375
0 0.4775390625 0.662109375 0.048828125 0.111328125
0 0.36376953125 0.96337890625 0.0927734375 0.0654296875
0 0.32275390625 0.9453125 0.0556640625 0.09765625
0 0.0380859375 0.9873046875 0.021484375 0.0234375
0 0.74462890625 0.94775390625 0.0908203125 0.0869140625
0 0.775390625 0.88427734375 0.07421875 0.1103515625
0 0.7890625 0.8876953125 0.103515625 0.072265625
0 0.78271484375 0.84228515625 0.1025390625 0.0537109375
