0 0.66650390625 0.0126953125 0.0478515625 0.025390625
0 0.35888671875 0.06298828125 0.0654296875 0.1181640625
0 0.63134765625 0.07470703125 0.0537109375 0.1181640625
0 0.44873046875 0.0732421875 0.0830078125 0.11328125
0 0.56884765625 0.06591796875 0.0791015625 0.0927734375
0 0.8525390625 0.083984375 0.052734375 0.12109375
0 0.11083984375 0.0771484375 0.0361328125 0.095703125
0 0.47021484375 0.099609375 0.0595703125 0.12890625
0 0.6982421875 0.10595703125 0.0390625 0.1318359375
0 0.40380859375 0.09814453125 0.0712890625 0.0751953125
0 0.287109375 0.17529296875 0.05859375 0.1142578125
0 0.20263671875 0.19287109375 0.0185546875 0.1435546875
0 0.62158203125 0.18115234375 0.0302734375 0.1064453125
0 0.52392578125 0.18798828125 0.0361328125 0.1181640625
0 0.7744140625 0.1962890625 0.025390625 0.125
0 0.3466796875 0.19140625 0.064453125 0.11328125
0 0.61083984375 0.28369140625 0.0556640625 0.1201171875
0 0.7607421875 0.2939453125 0.0703125 0.126953125
0 0.42919921875 0.30126953125 0.0751953125 0.1337890625
0 0.2236328125 0.271484375 0.068359375 0.068359375
0 0.033203125 0.28271484375 0.015625 0.0888671875
0 0.52685546875 0.314453125 0.0888671875 0.12109375
0 0.00390625 0.30224609375 0.009765625 0.0888671875
0 0.83984375 0.31396484375 0.05078125 0.1083984375
0 0.70166015625 0.3212890625 0.0458984375 0.1015625
0 0.380859375 0.33251953125 0.05859375 0.1005859375
0 0.0791015625 0.32373046875 0.04296875 0.0517578125
0 0.3017578125 0.322265625 0.044921875 0.04296875
0 0.97607421875 0.39501953125 0.0458984375 0.1357421875
0 0.04443359375 0.37451171875 0.0908203125 0.0517578125
0 0.0888671875 0.369140625 0.044921875 0.021484375
0 0.01025390625 0.4443359375 0.0224609375 0.14453125
0 0.3056640625 0.43798828125 0.0546875 0.1240234375
0 0.2158203125 0.4306640625 0.033203125 0.09765625
0 0.5625 0.4462890625 0.068359375 0.109375
0 0.47216796875 0.46533203125 0.0810546875 0.1337890625
0 0.77880859375 0.46630859375 0.1025390625 0.0986328125
0 0.0322265625 0.43798828125 0.0390625 0.0380859375
0 0.3330078125 0.4697265625 0.080078125 0.099609375
0 0.259765625 0.4638671875 0.076171875 0.056640625
0 0.83154296875 0.5126953125 0.0244140625 0.126953125
0 0.32861328125 0.51220703125 0.1044921875 0.1123046875
0 0.142578125 0.5048828125 0.09375 0.09375
0 0.55029296875 0.5048828125 0.1025390625 0.06640625
0 0.03271484375 0.49658203125 0.0361328125 0.0458984375
0 0.59033203125 0.53271484375 0.1044921875 0.0751953125
0 0.0498046875 0.57666015625 0.08984375 0.1416015625
0 0.1181640625 0.546875 0.068359375 0.080078125
0 0.77392578125 0.5810546875 0.0654296875 0.11328125
0 0.015625 0.6064453125 0.033203125 0.123046875
0 0.35498046875 0.6171875 0.0888671875 0.099609375
0 0.6103515625 0.63037109375 0.06640625 0.1025390625
0 0.498046875 0.65283203125 0.087890625 0.1162109375
0 0.19287109375 0.65283203125 0.0283203125 0.1025390625
0 0.76123046875 0.68896484375 0.0771484375 0.1259765625
0 0.0859375 0.69580078125 0.099609375 0.1259765625
0 0.26904296875 0.7392578125 0.0244140625 0.12109375
0 0.37548828125 0.76171875 0.1083984375 0.0859375
0 0.365234375 0.79541015625 0.091796875 0.0986328125
0 0.52685546875 0.77294921875 0.1083984375 0.0224609375
0 0.12109375 0.8056640625 0.060546875 0.064453125
0 0.60009765625 0.87890625 0.1083984375 0.080078125
0 0.4375 0.8642578125 0.076171875 0.04296875
0 0.14892578125 0.88427734375 0.1103515625 0.0791015625
0 0.04150390625 0.90673828125 0.0791015625 0.0654296875
0 0.34228515625 0.91796875 0.1357421875 0.0703125
0 0.015625 0.9404296875 0.033203125 0.10546875
0 0.3994140625 0.947265625 0.04296875 0.103515625
0 0.5625 0.93359375 0.083984375 0.041015625
0 0.22216796875 0.96044921875 0.0517578125 0.0771484375
0 0.076171875 0.126953125 0.0546875 0.142578125
0 0.13818359375 0.181640625 0.0712890625 0.142578125
0 0.13916015625 0.29345703125 0.0478515625 0.1220703125
0 0.142578125 0.3134765625 0.0625 0.140625
0 0.015625 0.1279296875 0.03125 0.080078125
0 0.046875 0.2041015625 0.04296875 0.126953125
0 0.05419921875 0.0615234375 0.0458984375 0.107421875
0 0.0771484375 0.01025390625 0.041015625 0.0205078125
0 0.8857421875 0.3544921875 0.0390625 0.173828125
0 0.62548828125 0.42822265625 0.0478515625 0.1513671875
0 0.17431640625 0.0478515625 0.0400390625 0.095703125
0 0.228515625 0.37744140625 0.13671875 0.0849609375
0 0.146484375 0.4150390625 0.1015625 0.111328125
0 0.2880859375 0.36767578125 0.1015625 0.1181640625
0 0.31396484375 0.353515625 0.1025390625 0.099609375
0 0.4228515625 0.29833984375 0.09765625 0.0966796875
0 0.849609375 0.5517578125 0.078125 0.103515625
0 0.45751953125 0.70703125 0.1005859375 0.087890625
0 0.52783203125 0.69873046875 0.0849609375 0.1298828125
0 0.21142578125 0.52880859375 0.1279296875 0.0595703125
0 0.20751953125 0.5732421875 0.1416015625 0.09375
0 0.27294921875 0.583984375 0.1650390625 0.044921875
0 0.2265625 0.57861328125 0.03125 0.1376953125
0 0.20263671875 0.69140625 0.0341796875 0.166015625
0 0.18505859375 0.7109375 0.1044921875 0.115234375
0 0.24951171875 0.68798828125 0.0751953125 0.1279296875
0 0.57275390625 0.78076171875 0.1181640625 0.1103515625
0 0.50634765625 0.83447265625 0.0771484375 0.0947265625
0 0.66259765625 0.89599609375 0.1357421875 0.0869140625
0 0.67333984375 0.92578125 0.1337890625 0.080078125
0 0.0322265625 0.744140625 0.05859375 0.1328125
0 0.078125 0.7529296875 0.13671875 0.056640625
0 0.28369140625 0.896484375 0.1005859375 0.107421875
0 0.35693359375 0.97021484375 0.0419921875 0.0498046875
0 0.07666015625 0.38525390625 0.1025390625 0.0693359375
0 0.02001953125 0.044921875 0.0361328125 0.087890625
0 0.35302734375 0.232421875 0.0634765625 0.10546875
0 0.7138671875 0.41259765625 0.0546875 0.1181640625
0 0.6552734375 0.4130859375 0.09765625 0.111328125
0 0.6494140625 0.4423828125 0.10546875 0.095703125
0 0.45458984375 0.474609375 0.0595703125 0.134765625
0 0.97509765625 0.44921875 0.0380859375 0.07421875
0 0.9794921875 0.07470703125 0.03125 0.0869140625
0 0.89453125 0.00830078125 0.048828125 0.0185546875
0 0.75732421875 0.06298828125 0.0322265625 0.1240234375
0 0.43701171875 0.01708984375 0.0810546875 0.0302734375
0 0.28759765625 0.0126953125 0.0517578125 0.025390625
0 0.15966796875 0.9443359375 0.1025390625 0.095703125
